70.380
70.380
70.380
70.380
120.150
120.150
120.150
120.150
93.693
93.693
93.693
93.693
80.420
80.420
80.420
80.420
74.780
74.780
74.780
74.780
69.063
69.063
69.063
69.063
63.549
62.410
62.410
62.410
58.017
39.367
39.367
39.367
41.020
41.060
41.060
41.060
39.554
39.380
39.380
39.380
37.863
35.470
35.470
35.470
34.717
33.757
33.757
33.757
43.057
45.157
45.157
45.157
41.666
43.333
43.333
43.333
41.834
40.317
40.317
40.317
40.191
41.803
41.803
41.803
40.514
42.473
42.473
42.473
39.543
41.100
41.100
41.100
38.234
28.130
28.130
28.130
27.389
28.500
28.500
28.500
29.251
28.653
28.653
28.653
28.291
26.433
26.433
26.433
26.251
25.163
25.163
25.163
26.137
26.833
26.833
26.833
28.717
29.997
29.997
29.997
30.280
31.503
31.503
31.503
31.434
31.047
31.047
31.047
41.651
44.240
44.240
44.240
43.874
46.993
46.993
46.993
44.946
47.107
47.107
47.107
43.266
43.807
43.807
43.807
42.914
44.737
44.737
44.737
42.171
44.030
44.030
44.030
41.917
31.357
31.357
31.357
33.983
32.700
32.700
32.700
33.623
33.783
33.783
33.783
43.434
47.303
47.303
47.303
44.797
46.003
46.003
46.003
41.677
44.160
44.160
44.160
40.254
42.090
42.090
42.090
38.120
36.183
36.183
36.183
35.023
34.333
34.333
34.333
261.517
288.213
288.213
288.213
475.697
550.020
550.020
550.020
818.851
952.707
952.707
952.707
1580.023
1840.557
1840.557
1840.557
1750.434
2039.790
2039.790
2039.790
1784.631
2077.393
2077.393
2077.393
1791.317
1819.100
1819.100
1819.100
1691.094
1706.177
1706.177
1706.177
1470.500
1310.277
1310.277
1310.277
1129.237
426.790
426.790
426.790
398.323
263.093
263.093
263.093
231.526
227.833
227.833
227.833
200.677
221.647
221.647
221.647
194.440
73.003
73.003
73.003
62.574
63.597
63.597
63.597
59.909
62.727
62.727
62.727
62.174
34.617
34.617
34.617
32.763
31.203
31.203
31.203
29.760
28.430
28.430
28.430
361.500
416.550
416.550
416.550
853.266
995.477
995.477
995.477
1269.749
1475.077
1475.077
1475.077
1277.811
1480.970
1480.970
1480.970
1278.086
1487.493
1487.493
1487.493
1281.226
1491.247
1491.247
1491.247
1882.623
1803.073
1803.073
1803.073
2322.777
2130.980
2130.980
2130.980
2609.631
2558.673
2558.673
2558.673
2653.206
3079.703
3079.703
3079.703
3332.223
3877.463
3877.463
3877.463
3576.866
4165.740
4165.740
4165.740
4004.877
3967.210
3967.210
3967.210
3407.383
3068.447
3068.447
3068.447
2691.023
2225.937
2225.937
2225.937
1913.340
1695.497
1695.497
1695.497
1458.583
893.790
893.790
893.790
774.814
608.403
608.403
608.403
715.237
327.827
327.827
327.827
287.686
327.563
327.563
327.563
285.854
262.417
262.417
262.417
231.406
263.680
263.680
263.680
230.249
262.440
262.440
262.440
227.097
254.787
254.787
254.787
221.109
31.920
31.920
31.920
116.603
128.230
128.230
128.230
119.674
133.687
133.687
133.687
131.597
145.973
145.973
145.973
129.560
146.210
146.210
146.210
177.320
204.367
204.367
204.367
326.777
378.067
378.067
378.067
1156.889
1245.587
1245.587
1245.587
1489.331
1726.163
1726.163
1726.163
1499.634
1729.730
1729.730
1729.730
1487.326
1730.033
1730.033
1730.033
1489.726
1677.350
1677.350
1677.350
1444.280
1508.120
1508.120
1508.120
1297.551
542.173
542.173
542.173
471.923
58.610
58.610
58.610
58.163
44.447
44.447
44.447
174.777
198.423
198.423
198.423
190.140
213.850
213.850
213.850
198.500
223.940
223.940
223.940
822.597
954.007
954.007
954.007
1452.589
1686.283
1686.283
1686.283
2075.700
2412.403
2412.403
2412.403
2072.074
2257.960
2257.960
2257.960
1941.023
2241.120
2241.120
2241.120
1927.060
2230.503
2230.503
2230.503
2867.140
2609.240
2609.240
2609.240
2872.486
2610.553
2610.553
2610.553
2267.880
1910.493
1910.493
1910.493
1675.294
1949.493
1949.493
1949.493
2180.071
2536.850
2536.850
2536.850
2534.094
2949.327
2949.327
2949.327
3229.260
2652.977
2652.977
2652.977
2286.326
1925.387
1925.387
1925.387
1651.091
1890.967
1890.967
1890.967
1624.980
1851.793
1851.793
1851.793
1592.406
1263.883
1263.883
1263.883
1089.351
851.317
851.317
851.317
737.151
41.867
41.867
41.867
42.534
35.220
35.220
35.220
255.734
297.470
297.470
297.470
357.829
412.623
412.623
412.623
696.266
806.297
806.297
806.297
1097.046
1272.860
1272.860
1272.860
1096.960
1271.093
1271.093
1271.093
1095.589
1270.430
1270.430
1270.430
1092.440
1011.377
1011.377
1011.377
905.763
936.727
936.727
936.727
1170.289
965.650
965.650
965.650
1194.251
919.703
919.703
919.703
1608.009
1869.083
1869.083
1869.083
1891.097
2199.187
2199.187
2199.187
1888.077
2198.673
2198.673
2198.673
1920.517
2195.257
2195.257
2195.257
1918.494
1809.633
1809.633
1809.633
1580.880
1416.717
1416.717
1416.717
1217.323
463.903
463.903
463.903
402.874
132.823
132.823
132.823
125.711
143.093
143.093
143.093
358.057
375.803
375.803
375.803
468.503
503.600
503.600
503.600
555.463
613.313
613.313
613.313
555.249
644.297
644.297
644.297
982.457
1140.083
1140.083
1140.083
1293.760
1495.547
1495.547
1495.547
1287.366
1227.287
1227.287
1227.287
1071.351
1079.127
1079.127
1079.127
1199.894
1255.437
1255.437
1255.437
1081.206
1226.930
1226.930
1226.930
1057.403
731.733
731.733
731.733
632.991
369.187
369.187
369.187
322.826
370.250
370.250
370.250
713.177
809.417
809.417
809.417
868.331
692.303
692.303
692.303
667.343
772.597
772.597
772.597
679.977
786.600
786.600
786.600
680.000
786.577
786.577
786.577
683.511
789.987
789.987
789.987
816.634
490.950
490.950
490.950
706.260
620.333
620.333
620.333
1252.183
1374.617
1374.617
1374.617
1728.857
1996.290
1996.290
1996.290
1998.809
2325.210
2325.210
2325.210
2505.414
2912.130
2912.130
2912.130
3125.143
3483.247
3483.247
3483.247
3483.247
3780.272
3780.272
3780.272
3780.272
3464.520
3464.520
3464.520
3464.520
3334.593
3334.593
3334.593
3334.593
3994.930
3994.930
3994.930
3994.930
4403.220
4403.220
4403.220
4403.220
