23.820
23.820
23.820
23.820
18.950
18.950
18.950
18.950
28.000
28.000
28.000
28.000
26.670
26.670
26.670
26.670
23.304
23.304
23.304
23.304
21.187
21.187
21.187
21.187
18.894
18.073
18.073
18.073
20.586
21.670
21.670
21.670
25.923
22.560
22.560
22.560
21.166
20.913
20.913
20.913
21.889
23.897
23.897
23.897
24.397
26.697
26.697
26.697
24.906
28.200
28.200
28.200
33.363
32.980
32.980
32.980
29.291
25.600
25.600
25.600
27.440
29.880
29.880
29.880
30.134
30.533
30.533
30.533
29.854
30.263
30.263
30.263
269.431
311.977
311.977
311.977
270.671
305.060
305.060
305.060
261.491
303.880
303.880
303.880
264.837
302.563
302.563
302.563
264.246
303.010
303.010
303.010
262.620
302.093
302.093
302.093
259.491
18.667
18.667
18.667
43.980
47.503
47.503
47.503
50.837
59.297
59.297
59.297
52.483
56.133
56.133
56.133
49.600
52.143
52.143
52.143
45.454
49.650
49.650
49.650
53.237
61.463
61.463
61.463
54.009
30.367
30.367
30.367
36.306
30.550
30.550
30.550
31.974
35.370
35.370
35.370
41.480
46.660
46.660
46.660
46.380
53.223
53.223
53.223
48.477
44.097
44.097
44.097
39.517
44.557
44.557
44.557
40.663
35.450
35.450
35.450
37.209
36.657
36.657
36.657
42.091
36.083
36.083
36.083
35.560
34.037
34.037
34.037
43.229
47.100
47.100
47.100
43.294
48.503
48.503
48.503
54.574
60.787
60.787
60.787
163.903
183.260
183.260
183.260
159.434
173.557
173.557
173.557
153.103
173.217
173.217
173.217
148.671
157.053
157.053
157.053
138.740
158.453
158.453
158.453
137.546
145.303
145.303
145.303
127.760
18.620
18.620
18.620
17.583
17.767
17.767
17.767
17.771
15.670
15.670
15.670
17.229
19.867
19.867
19.867
20.911
19.587
19.587
19.587
20.383
21.763
21.763
21.763
25.983
26.563
26.563
26.563
24.654
26.870
26.870
26.870
27.500
29.117
29.117
29.117
27.071
27.153
27.153
27.153
114.571
129.137
129.137
129.137
767.751
891.517
891.517
891.517
794.720
918.623
918.623
918.623
834.409
971.277
971.277
971.277
835.749
969.827
969.827
969.827
834.729
971.383
971.383
971.383
856.551
892.797
892.797
892.797
971.683
367.057
367.057
367.057
336.226
356.607
356.607
356.607
347.434
350.487
350.487
350.487
475.077
550.493
550.493
550.493
571.974
663.280
663.280
663.280
758.511
857.003
857.003
857.003
736.577
618.507
618.507
618.507
550.694
617.270
617.270
617.270
531.109
570.893
570.893
570.893
490.671
368.680
368.680
368.680
319.223
255.617
255.617
255.617
322.703
154.837
154.837
154.837
134.097
154.110
154.110
154.110
135.386
133.980
133.980
133.980
117.209
134.387
134.387
134.387
118.269
136.423
136.423
136.423
120.071
136.337
136.337
136.337
119.340
18.360
18.360
18.360
19.720
21.397
21.397
21.397
30.251
31.453
31.453
31.453
38.377
42.010
42.010
42.010
40.631
43.810
43.810
43.810
84.500
94.923
94.923
94.923
105.589
120.293
120.293
120.293
385.309
444.880
444.880
444.880
517.926
590.350
590.350
590.350
516.160
588.867
588.867
588.867
511.071
590.857
590.857
590.857
762.049
834.283
834.283
834.283
716.294
807.413
807.413
807.413
697.203
484.170
484.170
484.170
421.937
332.893
332.893
332.893
289.060
325.400
325.400
325.400
296.871
338.967
338.967
338.967
295.891
47.007
47.007
47.007
58.894
67.317
67.317
67.317
339.651
390.270
390.270
390.270
1088.480
1261.803
1261.803
1261.803
1625.003
1891.493
1891.493
1891.493
1637.994
1890.043
1890.043
1890.043
1645.531
1913.547
1913.547
1913.547
1673.109
1930.257
1930.257
1930.257
2368.303
2434.077
2434.077
2434.077
2784.143
2368.543
2368.543
2368.543
2077.011
1789.147
1789.147
1789.147
1575.300
1818.350
1818.350
1818.350
1687.860
1939.427
1939.427
1939.427
1779.349
2037.493
2037.493
2037.493
2601.180
2201.947
2201.947
2201.947
1911.911
1416.473
1416.473
1416.473
1227.100
1376.980
1376.980
1376.980
1185.923
1334.873
1334.873
1334.873
1144.991
1185.003
1185.003
1185.003
1224.634
1292.260
1292.260
1292.260
1110.906
298.840
298.840
298.840
266.434
282.223
282.223
282.223
340.577
382.197
382.197
382.197
355.849
408.560
408.560
408.560
438.703
510.870
510.870
510.870
669.294
537.107
537.107
537.107
461.211
534.283
534.283
534.283
460.657
525.433
525.433
525.433
450.371
410.317
410.317
410.317
355.934
382.297
382.297
382.297
944.011
998.087
998.087
998.087
1281.251
1224.820
1224.820
1224.820
1939.386
2261.643
2261.643
2261.643
2145.640
2500.097
2500.097
2500.097
2151.391
2509.957
2509.957
2509.957
2184.229
2543.327
2543.327
2543.327
2190.503
1836.537
1836.537
1836.537
1624.237
1398.237
1398.237
1398.237
1203.069
365.783
365.783
365.783
321.257
133.197
133.197
133.197
118.943
128.907
128.907
128.907
151.389
138.310
138.310
138.310
153.049
166.297
166.297
166.297
228.157
207.777
207.777
207.777
197.880
225.517
225.517
225.517
791.566
914.477
914.477
914.477
1296.451
1506.957
1506.957
1506.957
1309.157
1479.637
1479.637
1479.637
1302.791
1479.677
1479.677
1479.677
1346.934
1471.537
1471.537
1471.537
1268.154
1456.430
1456.430
1456.430
1252.354
763.103
763.103
763.103
666.063
179.023
179.023
179.023
156.691
162.413
162.413
162.413
789.406
880.687
880.687
880.687
853.960
904.540
904.540
904.540
806.089
932.460
932.460
932.460
834.911
969.413
969.413
969.413
835.791
961.120
961.120
961.120
828.554
962.863
962.863
962.863
953.326
353.653
353.653
353.653
440.249
398.023
398.023
398.023
924.989
1043.257
1043.257
1043.257
1190.351
1347.140
1347.140
1347.140
1211.563
1407.813
1407.813
1407.813
1409.294
1638.650
1638.650
1638.650
1887.703
2052.970
2052.970
2052.970
2052.970
2271.600
2271.600
2271.600
2271.600
1817.805
1817.805
1817.805
1817.805
1732.767
1732.767
1732.767
1732.767
2400.100
2400.100
2400.100
2400.100
3382.020
3382.020
3382.020
3382.020
