109	44	0.456847
110	43	0.438502
108	45	0.421200
111	42	0.418659
109	43	0.417200
107	46	0.412518
110	42	0.408835
109	45	0.405395
111	43	0.398964
113	40	0.395819
112	42	0.394716
108	44	0.394088
107	45	0.393230
108	46	0.390969
112	41	0.389944
111	44	0.387034
110	44	0.383805
106	46	0.381483
111	41	0.373096
106	47	0.372029
113	41	0.362201
107	47	0.358297
108	43	0.353804
110	45	0.351812
112	40	0.351022
113	39	0.350312
109	46	0.348103
114	38	0.341164
113	42	0.341128
105	48	0.338701
112	43	0.337473
105	47	0.336397
115	39	0.330599
114	39	0.330021
107	44	0.329921
115	40	0.324111
106	48	0.323047
115	38	0.322058
114	40	0.316873
108	47	0.312783
106	45	0.311791
115	37	0.306762
107	48	0.306350
114	41	0.305618
113	38	0.303043
105	46	0.302530
108	9	0.302278
115	343	0.301508
115	36	0.298422
110	41	0.297032
108	10	0.291270
113	343	0.290985
112	38	0.289921
115	342	0.288735
113	342	0.287653
107	10	0.287552
109	150	0.286008
115	344	0.283026
111	40	0.282534
107	9	0.281912
108	8	0.277891
108	151	0.276966
116	36	0.276761
111	342	0.275000
107	152	0.274974
110	17	0.274714
109	42	0.274462
116	38	0.274272
114	36	0.274108
106	9	0.274060
108	150	0.273443
110	46	0.272619
104	48	0.272494
109	340	0.272304
113	344	0.272187
114	42	0.272152
111	340	0.271515
112	341	0.271249
115	340	0.270855
111	45	0.270649
109	10	0.270378
114	343	0.269627
109	9	0.269458
110	341	0.268775
116	35	0.268355
110	339	0.267870
112	39	0.267699
106	152	0.267432
110	150	0.266509
108	339	0.265315
112	19	0.263809
111	343	0.262948
110	16	0.261752
114	37	0.261708
111	148	0.261439
110	149	0.260428
113	340	0.259303
113	43	0.259226
111	17	0.259175
114	35	0.258990
114	341	0.258674
110	8	0.258505
111	16	0.258441
105	49	0.258247
107	43	0.257999
114	342	0.257421
112	342	0.257223
110	9	0.256843
109	8	0.256568
112	17	0.256450
110	10	0.256176
112	343	0.256022
117	36	0.255501
106	10	0.254837
109	149	0.254335
137	340	0.254160
135	340	0.254147
105	45	0.253556
105	54	0.253504
109	47	0.252768
106	54	0.252263
110	148	0.252221
114	345	0.252217
107	151	0.251755
109	16	0.251723
114	19	0.251491
109	17	0.251278
105	52	0.249769
117	340	0.249616
111	149	0.249508
107	8	0.249466
111	150	0.249299
108	341	0.249298
106	153	0.249111
116	37	0.248985
109	151	0.248854
113	20	0.248670
113	301	0.248626
112	44	0.248224
110	7	0.247609
109	152	0.247324
107	11	0.246900
109	148	0.246718
108	7	0.246429
135	341	0.245952
105	53	0.245521
114	344	0.245135
159	1	0.245031
111	344	0.244930
112	339	0.244885
108	152	0.244410
115	35	0.242748
111	18	0.241913
112	345	0.240934
113	19	0.240024
107	340	0.239765
109	342	0.239663
135	346	0.237871
134	341	0.237847
106	44	0.237060
110	19	0.236975
104	49	0.236316
106	53	0.235647
107	53	0.235527
110	151	0.235404
108	17	0.235324
134	345	0.235111
110	15	0.234883
114	339	0.234507
109	339	0.234415
114	340	0.234206
111	15	0.234165
114	346	0.234146
106	52	0.233981
107	52	0.233926
115	345	0.233902
114	20	0.233685
135	345	0.233434
105	152	0.233250
106	49	0.233212
117	35	0.232855
106	11	0.232702
116	144	0.232511
114	347	0.232297
135	104	0.231756
106	8	0.231548
111	341	0.230797
110	342	0.230547
111	19	0.230467
135	330	0.230372
107	150	0.229957
115	301	0.229911
117	38	0.229855
113	18	0.229768
115	20	0.229596
113	345	0.228471
111	338	0.228359
110	343	0.228288
113	300	0.228276
115	41	0.228252
116	341	0.228211
112	149	0.228090
112	344	0.228081
115	341	0.227825
117	37	0.227484
135	105	0.227468
116	40	0.227331
112	16	0.226843
137	102	0.226605
135	339	0.226588
105	9	0.226561
112	340	0.226397
104	47	0.225808
109	343	0.225696
112	20	0.225591
108	42	0.225450
135	8	0.225200
116	39	0.225158
108	30	0.225099
109	338	0.224915
114	144	0.224872
108	16	0.224581
113	302	0.224317
115	346	0.223940
108	340	0.223863
108	19	0.223818
112	347	0.223642
109	341	0.223373
110	340	0.223016
109	15	0.222912
105	10	0.222867
108	48	0.222794
113	341	0.222782
109	7	0.222654
123	9	0.222537
105	11	0.222031
111	301	0.221827
115	347	0.221663
110	30	0.221639
135	9	0.221574
111	339	0.221296
135	342	0.221230
104	154	0.221090
111	20	0.220955
107	153	0.220894
103	48	0.220791
126	9	0.220665
112	150	0.220369
112	346	0.220346
110	134	0.220285
116	343	0.220213
106	7	0.219686
105	153	0.219682
107	339	0.219532
109	168	0.219007
112	301	0.218741
108	153	0.218736
120	35	0.218661
109	11	0.218355
112	352	0.218192
112	35	0.218166
107	20	0.218008
134	9	0.217948
111	345	0.217739
115	300	0.217600
115	302	0.217437
110	345	0.217147
107	342	0.216693
113	346	0.216382
114	17	0.216367
111	302	0.216213
112	18	0.216114
134	342	0.215947
116	345	0.215831
135	75	0.215817
109	344	0.215589
105	155	0.215584
116	342	0.215547
110	40	0.215439
109	19	0.215345
107	49	0.215277
106	43	0.215254
113	299	0.215249
105	50	0.215212
112	144	0.214903
113	44	0.214792
116	34	0.214362
105	154	0.214304
105	12	0.214258
110	174	0.214205
114	299	0.214159
106	12	0.213970
107	12	0.213965
106	30	0.213606
105	22	0.213573
112	148	0.213502
116	340	0.213456
114	21	0.213453
114	301	0.213389
135	76	0.213298
114	298	0.213174
108	149	0.213139
108	345	0.213084
115	299	0.212875
134	75	0.212684
117	344	0.212572
134	346	0.212340
107	7	0.212313
106	339	0.212246
113	347	0.212215
134	104	0.211902
115	298	0.211746
108	94	0.211475
106	22	0.211204
111	147	0.210976
111	46	0.210855
117	338	0.210847
116	344	0.210845
117	342	0.210774
111	7	0.210658
134	329	0.210569
109	345	0.210406
107	13	0.210287
113	21	0.209993
113	36	0.209862
112	15	0.209835
110	168	0.209682
113	348	0.209657
114	34	0.209413
134	339	0.209321
109	20	0.209133
107	168	0.208860
137	338	0.208843
111	346	0.208692
115	19	0.208673
109	18	0.208637
137	339	0.208581
106	272	0.208480
110	347	0.208440
106	19	0.208149
115	348	0.208083
113	37	0.208056
134	340	0.207988
110	18	0.207902
106	13	0.207622
104	11	0.207621
118	36	0.207611
135	7	0.207522
106	341	0.207423
135	19	0.207276
134	19	0.207258
110	344	0.207256
112	299	0.207173
107	16	0.207135
107	17	0.207124
109	30	0.207103
110	65	0.207033
120	144	0.206973
117	343	0.206936
115	338	0.206792
112	138	0.206673
135	329	0.206641
113	16	0.206575
106	151	0.206535
112	298	0.206389
111	152	0.206357
108	20	0.206153
107	341	0.206138
137	337	0.206129
137	7	0.206087
108	53	0.206075
113	17	0.205746
103	49	0.205719
112	302	0.205656
105	13	0.205594
111	347	0.205586
115	144	0.205522
112	152	0.205416
116	346	0.205372
115	339	0.205357
108	54	0.205147
107	19	0.205036
110	64	0.204909
108	168	0.204865
135	331	0.204841
105	23	0.204782
114	300	0.204576
103	154	0.204567
106	96	0.204545
114	140	0.204343
112	151	0.204322
108	342	0.204277
115	42	0.204130
106	58	0.204086
107	54	0.203922
113	149	0.203581
140	258	0.203569
106	20	0.203503
113	15	0.203483
115	22	0.203388
109	41	0.203361
108	148	0.203338
115	21	0.203317
110	338	0.203300
151	258	0.203242
105	51	0.203173
137	332	0.203102
134	8	0.203025
110	219	0.203020
113	144	0.203013
116	339	0.202870
113	338	0.202863
134	330	0.202859
114	348	0.202690
114	43	0.202557
107	272	0.202538
123	8	0.202522
112	45	0.202405
113	152	0.202355
108	64	0.202104
112	349	0.201870
112	21	0.201769
110	147	0.201607
105	20	0.201561
135	347	0.201431
111	39	0.201422
126	30	0.201271
108	52	0.201215
109	66	0.201206
134	347	0.201172
112	355	0.201134
134	105	0.200871
106	220	0.200753
108	11	0.200663
109	174	0.200324
107	343	0.200304
108	346	0.200183
110	20	0.200064
140	337	0.199919
108	370	0.199917
112	300	0.199908
112	34	0.199895
109	169	0.199809
109	64	0.199794
111	348	0.199647
108	338	0.199635
116	140	0.199614
111	299	0.199513
110	152	0.199375
112	348	0.199303
113	148	0.199182
108	369	0.199148
112	217	0.199005
126	8	0.198999
135	344	0.198838
106	17	0.198731
146	258	0.198690
106	94	0.198613
116	298	0.198572
106	369	0.198535
112	165	0.198518
110	165	0.198511
113	146	0.198240
109	170	0.198199
123	30	0.198138
114	152	0.198071
109	346	0.198019
108	347	0.198007
110	346	0.197995
107	94	0.197904
111	9	0.197812
126	7	0.197807
107	30	0.197764
110	370	0.197715
157	258	0.197667
137	331	0.197660
134	7	0.197532
140	262	0.197416
114	352	0.197387
107	305	0.197056
106	155	0.196949
137	8	0.196923
135	103	0.196859
108	15	0.196854
116	299	0.196844
110	170	0.196805
113	339	0.196760
137	342	0.196589
111	151	0.196572
112	146	0.196463
109	302	0.196387
109	175	0.196386
111	300	0.196333
111	8	0.196201
107	338	0.196143
140	102	0.196013
106	370	0.195843
106	16	0.195758
110	89	0.195756
109	13	0.195755
123	34	0.195707
108	343	0.195673
114	274	0.195671
116	347	0.195656
151	312	0.195621
135	320	0.195605
134	17	0.195407
112	7	0.195362
134	344	0.195271
123	35	0.195265
123	340	0.195040
113	22	0.195031
114	150	0.195021
108	29	0.194984
110	337	0.194921
111	13	0.194915
126	339	0.194908
114	302	0.194881
117	144	0.194700
110	135	0.194665
138	337	0.194663
106	23	0.194534
157	256	0.194392
110	272	0.194373
108	219	0.194329
112	219	0.194320
106	154	0.194288
116	19	0.194253
135	30	0.194219
108	65	0.194045
103	51	0.193947
134	343	0.193900
120	34	0.193887
108	170	0.193805
109	220	0.193724
115	273	0.193679
110	217	0.193648
114	74	0.193639
108	134	0.193629
114	22	0.193556
113	150	0.193450
123	7	0.193288
105	19	0.193230
107	15	0.193197
110	369	0.193115
111	170	0.193077
114	151	0.193030
137	74	0.193026
112	75	0.192913
112	140	0.192758
106	168	0.192691
139	334	0.192600
110	138	0.192367
111	64	0.192303
107	21	0.192271
113	298	0.192254
108	174	0.192233
114	75	0.192223
110	13	0.192159
114	159	0.192134
107	345	0.192128
135	343	0.192062
112	30	0.192046
112	170	0.192035
112	22	0.191931
119	35	0.191925
110	133	0.191893
109	12	0.191851
107	22	0.191823
105	7	0.191773
107	220	0.191651
108	305	0.191562
113	35	0.191501
136	340	0.191466
105	272	0.191274
135	17	0.191267
110	356	0.191261
114	349	0.191227
108	356	0.191203
105	55	0.191200
111	278	0.191179
103	156	0.191127
123	140	0.191099
106	305	0.191079
123	144	0.191077
103	11	0.190973
106	21	0.190937
134	76	0.190910
105	21	0.190882
137	341	0.190861
110	220	0.190815
110	12	0.190618
106	170	0.190612
111	146	0.190592
126	266	0.190561
112	65	0.190512
110	302	0.190316
108	272	0.190217
107	169	0.190119
106	340	0.190112
111	174	0.190096
110	29	0.190092
107	170	0.190078
137	343	0.189911
111	298	0.189889
105	58	0.189871
130	341	0.189836
107	344	0.189691
134	106	0.189676
106	26	0.189655
110	176	0.189535
112	337	0.189535
111	303	0.189513
110	47	0.189497
114	141	0.189495
111	10	0.189462
120	140	0.189359
106	342	0.189353
134	144	0.189332
140	21	0.189214
137	258	0.188929
136	341	0.188896
103	155	0.188783
114	149	0.188781
112	147	0.188757
111	168	0.188704
117	40	0.188629
105	30	0.188623
105	342	0.188588
123	346	0.188489
109	347	0.188226
114	261	0.188141
117	34	0.188118
108	175	0.188116
137	9	0.188107
114	15	0.188096
108	67	0.188061
102	48	0.188038
114	217	0.187965
108	282	0.187746
110	6	0.187702
111	272	0.187671
108	344	0.187613
108	12	0.187561
109	272	0.187531
110	67	0.187499
114	16	0.187482
105	340	0.187472
146	9	0.187423
109	370	0.187328
151	70	0.187288
113	272	0.187246
106	150	0.187217
112	356	0.187216
108	220	0.187179
119	36	0.187170
114	264	0.187105
106	64	0.187095
123	341	0.187085
137	104	0.186880
112	278	0.186836
110	298	0.186748
115	149	0.186692
146	330	0.186680
93	343	0.186677
137	344	0.186588
111	21	0.186492
112	272	0.186434
104	155	0.186401
109	305	0.186355
157	255	0.186339
123	266	0.186314
114	138	0.186202
146	104	0.186191
151	18	0.186180
109	356	0.186124
112	338	0.186100
115	16	0.185920
102	49	0.185875
115	18	0.185815
111	38	0.185803
110	221	0.185761
111	220	0.185743
151	256	0.185709
115	15	0.185667
110	131	0.185637
137	105	0.185601
110	169	0.185541
111	6	0.185422
94	343	0.185421
106	356	0.185414
114	143	0.185388
109	48	0.185377
119	34	0.185291
112	134	0.185248
123	267	0.185205
111	14	0.185205
133	344	0.185184
112	274	0.185115
115	146	0.185011
107	346	0.184994
135	267	0.184946
108	176	0.184903
126	341	0.184875
146	331	0.184861
109	89	0.184780
109	301	0.184768
134	331	0.184749
112	172	0.184719
111	173	0.184690
113	74	0.184611
114	18	0.184580
135	144	0.184578
109	90	0.184569
113	275	0.184550
115	274	0.184536
130	144	0.184216
112	36	0.184200
126	26	0.184197
105	16	0.184193
110	66	0.184132
93	342	0.184091
110	136	0.183978
123	274	0.183976
113	268	0.183923
123	104	0.183905
146	144	0.183869
112	8	0.183848
113	271	0.183820
115	264	0.183781
106	347	0.183774
105	26	0.183559
114	272	0.183549
108	165	0.183543
110	301	0.183488
119	144	0.183382
123	345	0.183338
146	8	0.183337
126	34	0.183276
135	29	0.183246
105	96	0.183151
117	39	0.183069
113	273	0.183017
110	299	0.182966
146	102	0.182827
109	303	0.182784
107	154	0.182765
116	20	0.182761
109	134	0.182759
106	345	0.182745
110	175	0.182696
107	347	0.182662
110	34	0.182614
109	219	0.182597
112	261	0.182572
111	169	0.182558
116	75	0.182534
102	155	0.182523
115	74	0.182497
146	7	0.182441
136	104	0.182410
107	304	0.182361
137	73	0.182358
108	31	0.182334
123	133	0.182275
102	52	0.182269
110	31	0.182220
110	349	0.182171
102	156	0.182021
109	298	0.181987
135	21	0.181956
102	54	0.181938
146	30	0.181897
123	349	0.181895
113	13	0.181856
115	34	0.181839
109	299	0.181834
123	86	0.181766
106	15	0.181763
134	267	0.181759
108	21	0.181739
111	268	0.181725
111	271	0.181717
133	342	0.181648
137	27	0.181626
137	330	0.181594
112	267	0.181555
134	30	0.181547
110	94	0.181539
106	178	0.181524
110	172	0.181524
109	147	0.181496
117	341	0.181464
108	169	0.181459
126	133	0.181423
112	74	0.181414
104	51	0.181401
116	21	0.181350
93	258	0.181321
112	163	0.181296
114	337	0.181190
117	337	0.181185
111	66	0.181170
120	337	0.181135
108	337	0.181059
109	65	0.181018
108	135	0.180986
108	131	0.180984
135	102	0.180916
110	352	0.180913
106	343	0.180802
137	144	0.180679
140	22	0.180663
109	304	0.180645
106	306	0.180619
112	143	0.180598
105	17	0.180585
110	305	0.180381
109	348	0.180364
103	308	0.180356
106	346	0.180353
103	286	0.180307
116	143	0.180263
108	178	0.180256
107	96	0.180242
115	297	0.180194
146	103	0.180188
123	75	0.180185
116	348	0.180152
138	338	0.180141
134	22	0.180117
126	29	0.180063
109	171	0.180042
107	177	0.180038
109	14	0.180014
138	102	0.179884
111	304	0.179823
109	217	0.179810
130	345	0.179761
114	273	0.179743
107	306	0.179734
137	103	0.179639
116	22	0.179636
102	53	0.179620
143	22	0.179603
105	44	0.179572
112	174	0.179552
117	339	0.179544
135	16	0.179514
133	343	0.179471
123	330	0.179458
109	135	0.179448
130	7	0.179436
110	171	0.179430
110	11	0.179419
134	10	0.179398
107	149	0.179385
112	268	0.179354
114	355	0.179310
105	306	0.179180
105	369	0.179107
107	273	0.179098
114	338	0.179097
103	52	0.179071
114	267	0.179046
140	340	0.179040
125	340	0.179033
110	250	0.179009
115	271	0.178950
108	298	0.178926
140	7	0.178869
93	301	0.178857
137	346	0.178846
111	277	0.178802
105	370	0.178746
116	141	0.178702
159	2	0.178700
108	18	0.178674
113	274	0.178672
130	342	0.178638
151	308	0.178602
134	16	0.178572
118	37	0.178554
109	94	0.178450
113	14	0.178403
115	272	0.178372
120	262	0.178355
143	9	0.178348
114	165	0.178342
120	30	0.178332
109	53	0.178327
115	275	0.178314
103	47	0.178311
135	20	0.178302
110	90	0.178285
112	159	0.178256
116	261	0.178239
102	51	0.178234
110	153	0.178230
108	13	0.178219
118	38	0.178147
110	348	0.178044
111	22	0.178025
110	303	0.177983
115	337	0.177975
104	23	0.177959
146	19	0.177926
136	342	0.177812
120	75	0.177810
117	347	0.177786
113	147	0.177781
120	38	0.177781
106	180	0.177735
112	6	0.177726
135	140	0.177704
110	144	0.177682
103	55	0.177665
113	264	0.177610
106	29	0.177577
106	27	0.177494
107	370	0.177447
102	55	0.177387
112	216	0.177357
114	146	0.177308
93	20	0.177279
113	170	0.177253
112	9	0.177239
108	22	0.177189
108	66	0.177140
138	340	0.177114
103	23	0.177109
146	262	0.177042
130	343	0.176963
105	8	0.176822
112	26	0.176813
111	89	0.176803
109	166	0.176773
108	221	0.176757
135	10	0.176662
108	90	0.176634
136	9	0.176605
137	262	0.176569
110	75	0.176495
112	153	0.176390
110	173	0.176378
136	339	0.176369
106	166	0.176362
157	240	0.176348
109	31	0.176333
106	285	0.176319
151	20	0.176297
111	171	0.176295
93	264	0.176286
110	268	0.176263
110	26	0.176242
103	54	0.176209
111	166	0.176178
112	64	0.176119
115	150	0.176104
110	14	0.176102
118	35	0.176082
111	352	0.176062
109	218	0.176022
105	220	0.176021
110	355	0.175990
110	216	0.175968
111	265	0.175938
146	105	0.175922
106	120	0.175904
111	266	0.175867
111	218	0.175819
126	330	0.175815
134	258	0.175777
115	155	0.175761
110	278	0.175752
104	53	0.175743
146	75	0.175710
103	53	0.175612
109	176	0.175578
135	22	0.175548
134	162	0.175509
110	267	0.175504
113	218	0.175495
111	219	0.175491
123	331	0.175483
108	250	0.175467
130	22	0.175462
120	36	0.175439
113	63	0.175402
94	342	0.175390
104	52	0.175321
106	338	0.175282
135	159	0.175212
140	105	0.175168
116	159	0.175150
140	332	0.175143
140	9	0.175122
136	331	0.175097
107	14	0.175090
105	338	0.175026
108	123	0.174979
112	264	0.174979
112	63	0.174934
134	20	0.174811
113	303	0.174768
110	166	0.174739
106	165	0.174733
113	265	0.174702
146	21	0.174702
108	349	0.174700
110	146	0.174646
105	170	0.174526
108	89	0.174511
116	301	0.174508
108	96	0.174452
105	15	0.174380
105	343	0.174367
135	74	0.174355
103	13	0.174330
117	348	0.174271
151	19	0.174268
115	141	0.174147
104	13	0.174050
130	267	0.174047
130	344	0.174040
111	172	0.173988
110	282	0.173939
107	219	0.173857
134	274	0.173830
109	52	0.173826
110	129	0.173767
109	177	0.173766
110	21	0.173724
126	337	0.173720
130	21	0.173695
116	17	0.173691
146	316	0.173665
99	308	0.173650
114	172	0.173632
134	159	0.173599
130	27	0.173583
112	137	0.173578
108	299	0.173504
106	124	0.173483
107	148	0.173465
135	106	0.173394
140	144	0.173368
108	138	0.173347
111	273	0.173335
112	139	0.173334
135	337	0.173316
115	152	0.173309
108	133	0.173275
111	144	0.173251
114	297	0.173207
110	123	0.173183
130	266	0.173164
114	170	0.173161
106	349	0.173154
93	344	0.173131
143	104	0.173096
111	175	0.173040
115	303	0.172950
103	24	0.172878
134	328	0.172839
112	297	0.172791
106	309	0.172765
105	120	0.172762
126	267	0.172739
106	55	0.172731
119	338	0.172726
106	357	0.172695
140	70	0.172686
113	143	0.172677
111	337	0.172676
140	104	0.172642
111	63	0.172616
123	347	0.172606
112	351	0.172584
108	171	0.172573
106	221	0.172563
94	301	0.172546
110	63	0.172447
107	166	0.172421
107	64	0.172398
103	273	0.172380
135	338	0.172372
108	357	0.172365
135	349	0.172339
96	19	0.172271
137	6	0.172256
140	338	0.172239
137	347	0.172208
110	130	0.172167
105	156	0.172146
137	19	0.172138
109	173	0.172136
108	355	0.172120
123	320	0.172115
135	152	0.172114
114	153	0.172081
106	337	0.172053
157	308	0.172047
136	75	0.172035
116	274	0.172030
114	63	0.172001
130	348	0.171986
120	339	0.171956
130	347	0.171942
111	356	0.171927
134	21	0.171850
110	274	0.171838
135	266	0.171822
108	352	0.171813
157	7	0.171702
115	304	0.171690
146	17	0.171554
110	163	0.171531
104	308	0.171511
114	30	0.171427
135	258	0.171419
114	275	0.171379
105	341	0.171377
107	18	0.171368
108	75	0.171352
115	148	0.171320
109	29	0.171315
106	95	0.171286
111	267	0.171282
108	217	0.171256
112	86	0.171222
106	50	0.171183
109	21	0.171181
107	271	0.171179
126	27	0.171143
111	217	0.171101
112	29	0.171089
113	172	0.171071
105	344	0.171033
107	369	0.171020
111	30	0.171005
106	282	0.170989
108	127	0.170916
111	305	0.170915
105	43	0.170876
93	340	0.170795
99	338	0.170772
112	218	0.170763
104	12	0.170680
151	309	0.170659
93	302	0.170636
112	27	0.170612
140	26	0.170610
113	145	0.170575
105	305	0.170562
109	131	0.170554
110	269	0.170508
112	136	0.170506
123	337	0.170432
146	16	0.170374
114	148	0.170358
135	298	0.170194
137	21	0.170192
109	369	0.170190
117	298	0.170164
146	29	0.170132
130	19	0.170119
134	35	0.170105
111	11	0.170102
146	64	0.170091
106	70	0.170067
130	346	0.170065
112	67	0.170014
151	16	0.169980
106	169	0.169940
93	347	0.169906
109	133	0.169880
105	94	0.169863
120	261	0.169849
113	173	0.169839
111	12	0.169755
115	17	0.169750
130	9	0.169733
140	27	0.169718
112	370	0.169698
110	127	0.169687
135	35	0.169680
137	356	0.169579
135	262	0.169505
111	65	0.169461
126	86	0.169453
116	74	0.169446
109	282	0.169367
93	70	0.169298
108	26	0.169293
110	167	0.169260
110	218	0.169242
105	14	0.169239
111	274	0.169238
108	166	0.169219
123	16	0.169205
104	286	0.169202
108	304	0.169183
103	50	0.169150
112	13	0.169149
114	73	0.169046
107	282	0.169037
115	73	0.169037
110	297	0.169026
109	278	0.169021
107	302	0.168946
111	275	0.168930
105	339	0.168928
107	356	0.168924
113	304	0.168886
105	347	0.168846
112	166	0.168830
116	300	0.168803
113	217	0.168795
106	273	0.168777
137	30	0.168755
110	374	0.168729
108	302	0.168695
151	330	0.168687
112	141	0.168637
110	132	0.168634
113	267	0.168615
137	75	0.168607
93	21	0.168588
109	271	0.168564
108	129	0.168558
111	370	0.168544
110	76	0.168518
104	156	0.168515
146	22	0.168511
109	153	0.168506
117	141	0.168442
109	281	0.168424
136	343	0.168384
146	320	0.168350
105	166	0.168326
108	274	0.168282
137	29	0.168280
142	334	0.168251
104	55	0.168231
140	20	0.168213
110	304	0.168178
109	300	0.168172
105	29	0.168166
126	340	0.168159
107	155	0.168152
108	218	0.168145
109	165	0.168135
105	27	0.168105
114	266	0.168103
107	95	0.168102
140	166	0.168091
106	374	0.168066
105	179	0.168041
134	320	0.168029
110	22	0.168018
115	43	0.168008
112	71	0.168001
116	349	0.167969
146	261	0.167932
93	19	0.167918
119	38	0.167915
115	158	0.167885
112	275	0.167859
106	71	0.167842
123	339	0.167835
110	74	0.167808
106	134	0.167791
114	351	0.167760
112	142	0.167749
113	75	0.167703
104	54	0.167676
135	248	0.167667
107	23	0.167666
138	333	0.167662
137	261	0.167649
109	67	0.167641
113	141	0.167637
108	93	0.167600
114	137	0.167586
116	352	0.167577
140	73	0.167556
123	338	0.167555
109	268	0.167551
123	262	0.167535
115	75	0.167527
106	97	0.167525
114	163	0.167514
109	273	0.167506
112	176	0.167506
137	20	0.167506
94	344	0.167499
105	64	0.167466
116	338	0.167416
107	31	0.167412
115	143	0.167410
108	124	0.167380
157	257	0.167364
146	347	0.167364
110	38	0.167355
115	14	0.167272
108	306	0.167262
108	58	0.167234
114	262	0.167222
135	274	0.167193
112	171	0.167145
106	14	0.167144
107	29	0.167111
103	12	0.167106
112	273	0.167088
117	346	0.167055
112	135	0.166979
123	29	0.166956
140	19	0.166915
112	173	0.166911
120	9	0.166881
110	27	0.166864
110	137	0.166847
117	16	0.166830
116	337	0.166810
110	35	0.166806
158	1	0.166790
138	339	0.166785
93	299	0.166782
109	352	0.166701
113	352	0.166669
107	221	0.166648
115	268	0.166600
106	274	0.166592
136	102	0.166556
106	181	0.166549
104	22	0.166532
140	339	0.166527
116	30	0.166497
113	151	0.166478
108	177	0.166478
108	374	0.166473
134	140	0.166445
120	349	0.166436
101	256	0.166373
111	269	0.166362
115	145	0.166341
112	250	0.166274
105	345	0.166270
107	175	0.166266
94	302	0.166254
140	242	0.166221
107	66	0.166220
130	349	0.166219
143	106	0.166213
105	356	0.166206
111	279	0.166197
106	261	0.166180
113	337	0.166086
126	269	0.166070
135	255	0.166040
123	17	0.166030
105	181	0.166013
110	271	0.165998
132	343	0.165986
113	62	0.165985
114	142	0.165963
108	34	0.165956
102	47	0.165951
106	130	0.165949
112	266	0.165937
123	348	0.165923
112	76	0.165898
120	355	0.165882
111	162	0.165832
151	38	0.165810
130	26	0.165756
107	93	0.165742
111	297	0.165708
138	7	0.165650
135	163	0.165640
126	144	0.165601
106	344	0.165560
115	159	0.165525
109	22	0.165524
107	348	0.165487
114	265	0.165479
108	132	0.165437
103	342	0.165368
96	54	0.165363
109	275	0.165346
117	33	0.165299
112	10	0.165256
112	271	0.165229
134	261	0.165215
157	242	0.165162
122	144	0.165150
111	165	0.165121
103	343	0.165106
106	75	0.165103
135	27	0.165077
116	16	0.165074
123	19	0.165055
106	93	0.165045
114	268	0.165028
110	273	0.165021
115	13	0.165005
146	242	0.164999
106	105	0.164964
110	371	0.164956
102	22	0.164952
94	20	0.164951
108	136	0.164949
133	328	0.164940
137	159	0.164925
109	274	0.164851
112	305	0.164850
110	266	0.164796
110	357	0.164716
120	341	0.164684
117	146	0.164655
134	102	0.164621
116	41	0.164608
112	277	0.164584
112	303	0.164549
108	348	0.164549
130	30	0.164500
156	20	0.164487
106	177	0.164464
107	274	0.164438
106	131	0.164404
96	65	0.164392
110	300	0.164376
140	30	0.164324
106	287	0.164323
107	90	0.164293
105	168	0.164285
105	346	0.164231
108	281	0.164184
93	22	0.164149
112	14	0.164126
105	71	0.164122
134	29	0.164122
117	299	0.164107
140	23	0.164099
112	374	0.164071
114	216	0.164051
126	104	0.164029
107	51	0.164001
140	331	0.163978
112	265	0.163968
125	9	0.163964
136	7	0.163922
136	103	0.163890
108	167	0.163858
117	22	0.163854
109	337	0.163836
120	352	0.163801
114	65	0.163767
138	73	0.163741
135	161	0.163721
107	301	0.163720
107	171	0.163668
130	264	0.163633
106	171	0.163625
110	264	0.163625
1	375	0.163544
108	267	0.163542
136	344	0.163539
106	271	0.163531
119	37	0.163527
112	168	0.163492
114	161	0.163479
106	31	0.163467
138	258	0.163438
130	320	0.163434
107	165	0.163421
120	133	0.163387
113	266	0.163380
130	340	0.163370
108	130	0.163319
117	300	0.163277
113	64	0.163252
113	166	0.163185
107	42	0.163171
144	9	0.163124
143	21	0.163106
136	8	0.163089
115	267	0.163088
123	329	0.163084
115	170	0.163072
156	22	0.163055
134	27	0.163031
112	169	0.163011
106	355	0.162991
113	160	0.162982
105	273	0.162974
137	16	0.162951
126	140	0.162902
135	328	0.162885
105	98	0.162830
151	68	0.162821
134	77	0.162734
116	15	0.162718
130	262	0.162710
111	374	0.162676
105	285	0.162666
135	348	0.162661
107	269	0.162660
120	340	0.162609
127	11	0.162603
132	22	0.162553
105	70	0.162547
113	297	0.162527
126	90	0.162521
120	17	0.162519
120	16	0.162516
108	74	0.162510
108	76	0.162498
107	178	0.162495
115	23	0.162470
132	344	0.162463
116	149	0.162462
105	180	0.162450
146	339	0.162441
112	220	0.162427
106	98	0.162363
112	46	0.162333
117	32	0.162315
143	20	0.162288
111	74	0.162287
116	302	0.162231
106	352	0.162221
136	330	0.162192
110	140	0.162168
120	137	0.162159
113	155	0.162154
102	50	0.162154
93	298	0.162147
104	46	0.162048
123	264	0.162035
116	355	0.162033
111	349	0.162025
137	22	0.162013
110	39	0.161982
130	102	0.161973
123	10	0.161970
134	298	0.161965
112	175	0.161955
114	71	0.161882
112	5	0.161838
146	248	0.161825
93	164	0.161801
151	87	0.161764
107	303	0.161748
115	156	0.161679
112	369	0.161640
115	265	0.161602
118	144	0.161586
113	7	0.161546
146	110	0.161532
114	7	0.161530
93	355	0.161496
140	98	0.161484
123	261	0.161464
126	124	0.161462
114	76	0.161415
109	267	0.161411
137	26	0.161401
117	15	0.161400
104	273	0.161394
107	285	0.161357
112	133	0.161357
123	130	0.161322
105	169	0.161305
108	303	0.161289
103	22	0.161279
146	35	0.161271
130	339	0.161268
112	89	0.161214
116	297	0.161205
106	304	0.161199
145	102	0.161184
116	146	0.161177
118	344	0.161169
114	155	0.161113
120	8	0.161098
116	262	0.161079
111	135	0.161011
123	137	0.161002
120	266	0.160929
113	162	0.160904
157	21	0.160902
113	277	0.160899
151	17	0.160878
115	160	0.160871
107	176	0.160866
111	34	0.160864
119	33	0.160837
105	304	0.160788
134	103	0.160782
137	130	0.160782
118	343	0.160734
106	219	0.160732
134	160	0.160711
106	34	0.160697
111	47	0.160673
116	152	0.160666
143	144	0.160614
104	342	0.160614
111	145	0.160562
116	264	0.160544
105	97	0.160496
102	13	0.160495
93	305	0.160455
108	301	0.160436
114	44	0.160429
109	76	0.160415
109	172	0.160370
134	349	0.160333
106	67	0.160332
109	269	0.160317
106	144	0.160309
95	20	0.160297
109	306	0.160255
114	271	0.160231
129	338	0.160158
126	10	0.160154
105	271	0.160134
102	23	0.160130
130	8	0.160130
117	20	0.160117
119	340	0.160094
113	45	0.160094
111	264	0.160090
106	172	0.160078
108	172	0.160015
108	273	0.159994
96	17	0.159915
140	8	0.159888
106	51	0.159885
109	374	0.159884
106	159	0.159854
122	35	0.159784
115	62	0.159767
93	346	0.159754
107	167	0.159735
130	23	0.159686
110	178	0.159667
130	331	0.159650
140	356	0.159642
135	261	0.159612
110	279	0.159595
106	133	0.159566
120	143	0.159565
121	338	0.159552
143	19	0.159514
114	13	0.159497
118	338	0.159484
93	36	0.159465
114	166	0.159449
110	265	0.159431
112	145	0.159429
146	346	0.159414
106	76	0.159409
151	27	0.159396
126	262	0.159350
137	333	0.159330
123	79	0.159316
115	172	0.159314
114	356	0.159291
110	281	0.159263
120	141	0.159263
112	37	0.159247
120	264	0.159230
114	27	0.159224
106	129	0.159223
120	346	0.159210
93	38	0.159190
110	251	0.159173
139	338	0.159169
99	158	0.159164
107	50	0.159159
110	5	0.159154
146	349	0.159089
135	18	0.159028
120	338	0.159027
146	341	0.159009
127	270	0.159000
130	258	0.158993
123	105	0.158951
133	106	0.158951
111	26	0.158897
143	7	0.158890
137	133	0.158861
108	6	0.158853
140	355	0.158840
146	20	0.158838
106	167	0.158821
112	212	0.158803
111	29	0.158792
108	95	0.158759
122	34	0.158755
135	257	0.158748
134	152	0.158714
148	22	0.158699
148	87	0.158696
107	218	0.158662
143	102	0.158644
111	134	0.158631
112	262	0.158628
114	29	0.158590
110	54	0.158577
108	27	0.158562
146	140	0.158549
117	301	0.158535
107	131	0.158488
105	348	0.158475
108	163	0.158457
103	157	0.158424
108	268	0.158388
157	20	0.158386
104	50	0.158385
109	6	0.158375
112	304	0.158357
151	22	0.158321
143	75	0.158289
126	349	0.158268
114	82	0.158235
123	64	0.158232
137	345	0.158174
112	371	0.158167
140	261	0.158094
123	273	0.158083
111	76	0.158065
109	221	0.158054
126	320	0.158046
126	274	0.158040
105	165	0.158038
105	177	0.158004
130	140	0.158003
146	26	0.157967
126	346	0.157965
107	299	0.157961
146	337	0.157932
99	258	0.157932
139	72	0.157904
93	348	0.157903
93	300	0.157875
105	287	0.157858
113	169	0.157853
93	162	0.157840
156	258	0.157749
146	76	0.157745
140	75	0.157720
134	164	0.157708
148	23	0.157665
139	100	0.157602
117	345	0.157569
135	162	0.157553
108	269	0.157515
113	34	0.157510
109	167	0.157508
114	218	0.157484
140	10	0.157479
120	104	0.157468
112	269	0.157388
114	219	0.157376
134	262	0.157364
104	272	0.157336
96	64	0.157326
130	337	0.157277
140	79	0.157261
126	105	0.157200
140	333	0.157199
105	274	0.157193
130	329	0.157173
94	300	0.157169
114	45	0.157124
106	348	0.157046
134	74	0.157013
116	267	0.156990
103	344	0.156983
123	102	0.156982
123	129	0.156976
111	75	0.156961
123	298	0.156943
110	351	0.156898
102	98	0.156881
106	74	0.156869
126	345	0.156859
126	87	0.156842
114	26	0.156840
112	372	0.156837
143	330	0.156826
98	54	0.156819
115	166	0.156813
109	279	0.156778
114	305	0.156772
107	337	0.156767
146	27	0.156700
110	71	0.156697
115	63	0.156653
140	320	0.156650
115	261	0.156618
117	264	0.156618
117	271	0.156579
105	124	0.156559
103	272	0.156549
133	22	0.156525
112	209	0.156499
117	297	0.156488
111	35	0.156436
123	82	0.156433
104	343	0.156402
120	19	0.156391
134	348	0.156364
106	156	0.156363
105	374	0.156359
116	73	0.156351
109	138	0.156343
108	278	0.156334
123	342	0.156333
137	106	0.156326
113	278	0.156302
139	107	0.156289
106	217	0.156216
106	298	0.156204
114	248	0.156179
109	40	0.156174
108	371	0.156166
105	151	0.156131
111	138	0.156110
117	73	0.156081
95	343	0.156079
135	356	0.156078
112	161	0.156074
110	32	0.156074
111	90	0.156061
108	104	0.156039
137	70	0.156033
106	148	0.156023
126	309	0.156010
157	22	0.155929
123	275	0.155918
96	340	0.155915
109	372	0.155875
109	266	0.155863
120	348	0.155850
140	74	0.155802
116	165	0.155764
103	362	0.155736
114	139	0.155696
136	74	0.155684
105	144	0.155639
108	14	0.155636
136	19	0.155562
110	275	0.155519
108	271	0.155477
116	272	0.155467
123	271	0.155462
114	303	0.155395
136	258	0.155374
135	26	0.155348
104	24	0.155322
146	70	0.155293
126	75	0.155281
116	137	0.155279
111	177	0.155252
99	256	0.155252
130	20	0.155239
138	6	0.155182
118	342	0.155169
130	17	0.155152
108	251	0.155123
112	131	0.155122
123	27	0.155100
125	8	0.155091
109	250	0.154977
140	106	0.154959
114	173	0.154912
95	342	0.154886
156	19	0.154877
113	6	0.154849
137	355	0.154833
116	170	0.154833
126	16	0.154821
151	21	0.154806
107	76	0.154803
110	277	0.154784
157	35	0.154759
113	349	0.154724
139	259	0.154697
140	347	0.154668
158	241	0.154662
110	372	0.154630
102	182	0.154627
102	272	0.154627
143	8	0.154617
94	347	0.154610
137	348	0.154594
100	308	0.154563
114	169	0.154561
113	261	0.154536
109	54	0.154534
95	162	0.154501
114	14	0.154472
107	268	0.154436
114	64	0.154422
113	269	0.154416
120	345	0.154391
109	63	0.154378
105	171	0.154356
106	35	0.154351
106	223	0.154337
109	74	0.154325
137	166	0.154319
116	216	0.154306
126	338	0.154292
112	62	0.154290
112	82	0.154277
105	221	0.154269
117	302	0.154259
106	90	0.154255
99	55	0.154245
140	133	0.154232
115	296	0.154223
115	147	0.154220
115	169	0.154148
95	19	0.154125
140	29	0.154107
113	159	0.154095
116	166	0.154081
102	308	0.154069
146	73	0.154047
130	10	0.154023
140	101	0.153993
126	271	0.153981
107	275	0.153980
134	141	0.153884
109	349	0.153874
126	102	0.153871
132	342	0.153870
134	163	0.153868
112	31	0.153865
118	340	0.153852
107	270	0.153818
106	269	0.153771
134	266	0.153738
136	338	0.153737
108	144	0.153688
94	22	0.153656
111	143	0.153647
117	19	0.153645
111	351	0.153642
130	29	0.153628
109	75	0.153623
107	298	0.153622
126	166	0.153616
112	155	0.153597
99	156	0.153595
106	42	0.153588
146	267	0.153587
156	64	0.153572
108	63	0.153567
117	21	0.153521
99	54	0.153520
106	6	0.153437
106	62	0.153436
111	133	0.153427
112	130	0.153421
140	341	0.153407
103	258	0.153407
109	277	0.153403
117	145	0.153394
130	79	0.153338
106	251	0.153334
105	357	0.153323
107	300	0.153312
108	41	0.153268
159	6	0.153259
136	162	0.153255
109	130	0.153254
137	264	0.153244
106	250	0.153225
140	264	0.153133
107	92	0.153085
114	145	0.153081
118	339	0.153078
107	67	0.153076
109	251	0.153075
152	120	0.153068
134	26	0.153049
148	29	0.153042
94	19	0.153036
120	7	0.153026
108	147	0.153024
108	285	0.152992
106	175	0.152973
120	130	0.152970
99	343	0.152962
111	372	0.152940
116	273	0.152881
101	308	0.152880
134	18	0.152868
125	337	0.152849
118	300	0.152835
143	103	0.152802
117	296	0.152787
113	73	0.152786
113	174	0.152750
106	174	0.152745
112	105	0.152741
105	95	0.152740
130	274	0.152692
105	337	0.152657
106	69	0.152651
114	304	0.152586
136	22	0.152562
140	140	0.152531
114	9	0.152523
109	371	0.152511
151	257	0.152496
126	79	0.152467
115	218	0.152459
119	351	0.152456
123	166	0.152438
111	281	0.152431
99	337	0.152417
143	105	0.152409
106	127	0.152405
111	176	0.152401
140	259	0.152379
108	35	0.152372
156	35	0.152369
107	130	0.152366
111	137	0.152358
105	349	0.152357
109	91	0.152339
112	208	0.152321
112	279	0.152312
113	23	0.152305
106	362	0.152302
123	216	0.152270
116	172	0.152267
120	29	0.152232
99	344	0.152229
114	134	0.152229
126	261	0.152228
103	306	0.152214
96	159	0.152199
123	355	0.152186
126	130	0.152182
137	101	0.152182
114	62	0.152156
103	99	0.152139
148	15	0.152133
108	216	0.152126
110	261	0.152120
146	332	0.152111
103	334	0.152111
92	301	0.152096
107	174	0.152072
123	134	0.152052
117	166	0.152049
125	102	0.152049
104	307	0.152038
110	62	0.152001
123	83	0.151966
114	174	0.151962
113	168	0.151957
137	320	0.151947
94	340	0.151935
134	34	0.151901
119	337	0.151894
103	337	0.151884
125	144	0.151883
112	12	0.151871
116	42	0.151854
110	159	0.151850
94	304	0.151816
99	307	0.151791
103	179	0.151790
110	58	0.151752
108	105	0.151707
107	251	0.151694
111	250	0.151690
102	58	0.151655
109	265	0.151639
120	40	0.151637
117	143	0.151599
93	341	0.151599
113	351	0.151595
99	340	0.151593
139	24	0.151551
123	352	0.151526
113	165	0.151521
157	331	0.151497
137	79	0.151472
126	35	0.151451
130	330	0.151443
108	32	0.151433
107	26	0.151427
112	248	0.151426
110	139	0.151406
106	123	0.151394
130	268	0.151376
117	273	0.151344
115	258	0.151283
106	267	0.151212
157	70	0.151206
140	130	0.151142
99	273	0.151142
111	5	0.151137
148	32	0.151113
96	20	0.151106
114	86	0.151096
152	87	0.151010
106	268	0.150979
113	372	0.150970
123	272	0.150969
131	344	0.150964
110	96	0.150932
110	143	0.150930
115	173	0.150898
120	79	0.150881
136	105	0.150879
142	333	0.150874
109	297	0.150836
134	161	0.150796
115	217	0.150791
106	149	0.150782
117	158	0.150772
114	105	0.150763
110	353	0.150742
120	267	0.150739
135	160	0.150735
110	77	0.150714
129	26	0.150709
108	91	0.150708
135	357	0.150696
106	104	0.150676
107	281	0.150667
114	158	0.150649
93	273	0.150625
123	143	0.150620
140	335	0.150615
157	19	0.150606
120	330	0.150599
124	11	0.150593
151	102	0.150590
120	298	0.150582
125	7	0.150567
110	306	0.150561
117	304	0.150545
156	21	0.150473
94	160	0.150468
126	121	0.150447
157	64	0.150445
93	54	0.150403
146	355	0.150389
108	120	0.150371
99	52	0.150348
117	14	0.150347
106	262	0.150339
114	104	0.150328
114	247	0.150326
120	32	0.150320
135	77	0.150307
135	355	0.150282
105	309	0.150278
114	171	0.150271
133	19	0.150257
112	47	0.150241
96	341	0.150221
136	347	0.150196
110	177	0.150175
106	179	0.150166
123	306	0.150157
93	74	0.150117
133	347	0.150111
143	247	0.150107
123	76	0.150087
146	240	0.150077
135	218	0.150044
152	16	0.150027
120	351	0.149981
102	362	0.149977
129	6	0.149947
116	43	0.149904
140	349	0.149900
105	308	0.149899
126	289	0.149866
137	255	0.149838
129	7	0.149823
117	74	0.149808
106	299	0.149794
104	270	0.149794
109	34	0.149789
113	171	0.149774
105	172	0.149758
126	287	0.149740
129	162	0.149719
130	130	0.149696
102	181	0.149675
105	130	0.149659
120	216	0.149651
119	141	0.149628
111	270	0.149622
109	132	0.149611
114	69	0.149611
111	355	0.149606
140	330	0.149592
103	14	0.149592
106	375	0.149582
95	347	0.149560
113	220	0.149557
135	130	0.149545
107	124	0.149539
109	355	0.149528
130	75	0.149519
104	337	0.149476
146	74	0.149472
132	20	0.149443
111	251	0.149437
142	22	0.149409
123	344	0.149369
114	8	0.149368
102	158	0.149367
125	271	0.149358
102	273	0.149331
93	262	0.149321
137	164	0.149320
125	339	0.149304
143	23	0.149297
157	36	0.149285
115	162	0.149275
135	34	0.149273
129	102	0.149264
107	75	0.149257
135	264	0.149248
107	267	0.149246
146	34	0.149235
107	68	0.149229
123	170	0.149218
137	169	0.149172
120	347	0.149161
98	338	0.149153
113	138	0.149153
125	338	0.149139
102	27	0.149127
115	266	0.149124
106	32	0.149122
110	52	0.149119
113	12	0.149102
140	69	0.149091
107	91	0.149087
113	27	0.149082
110	85	0.149081
120	274	0.149075
143	262	0.149059
110	86	0.149042
123	217	0.149040
103	340	0.149005
126	83	0.148979
112	104	0.148966
104	306	0.148936
146	32	0.148905
107	74	0.148894
106	66	0.148892
118	341	0.148888
134	257	0.148836
146	10	0.148812
139	337	0.148795
108	266	0.148780
105	34	0.148776
120	356	0.148773
106	308	0.148772
107	89	0.148771
93	35	0.148770
93	144	0.148763
135	110	0.148759
116	155	0.148745
120	27	0.148741
108	155	0.148738
126	279	0.148734
106	164	0.148726
94	162	0.148696
136	160	0.148693
129	22	0.148692
116	266	0.148661
111	62	0.148633
111	27	0.148630
113	46	0.148621
107	352	0.148611
140	243	0.148607
133	11	0.148592
103	270	0.148578
107	58	0.148570
142	107	0.148567
130	105	0.148565
151	328	0.148514
146	133	0.148495
143	331	0.148453
115	262	0.148434
130	104	0.148433
146	87	0.148428
157	330	0.148422
138	27	0.148410
107	374	0.148384
137	35	0.148371
123	141	0.148363
113	137	0.148324
102	258	0.148323
125	11	0.148291
99	53	0.148290
103	98	0.148286
133	348	0.148280
116	217	0.148273
151	29	0.148265
140	72	0.148253
135	73	0.148242
108	71	0.148234
107	172	0.148225
138	343	0.148220
96	261	0.148216
123	26	0.148174
141	22	0.148149
115	70	0.148123
141	102	0.148121
112	73	0.148121
105	6	0.148119
129	330	0.148114
151	40	0.148105
108	23	0.148043
105	178	0.148018
117	149	0.148003
123	258	0.148003
108	140	0.147972
130	16	0.147971
139	99	0.147960
112	178	0.147931
145	243	0.147928
108	180	0.147928
113	26	0.147868
146	356	0.147848
152	19	0.147843
115	168	0.147838
112	85	0.147838
135	256	0.147834
108	372	0.147809
103	182	0.147789
120	86	0.147788
148	16	0.147785
106	302	0.147774
107	134	0.147767
113	177	0.147744
122	36	0.147743
110	23	0.147742
125	83	0.147671
132	19	0.147668
117	30	0.147659
93	69	0.147649
142	24	0.147622
131	343	0.147619
107	133	0.147598
116	351	0.147590
146	309	0.147587
105	282	0.147585
113	219	0.147583
106	218	0.147571
110	53	0.147563
140	71	0.147560
114	70	0.147543
109	162	0.147519
126	17	0.147505
125	27	0.147495
137	32	0.147447
110	48	0.147446
146	54	0.147439
107	179	0.147409
93	102	0.147379
106	307	0.147378
153	256	0.147353
146	266	0.147352
103	307	0.147330
103	56	0.147328
127	9	0.147299
134	64	0.147296
142	23	0.147201
103	275	0.147201
108	297	0.147197
152	17	0.147194
134	130	0.147192
104	179	0.147182
134	110	0.147161
113	276	0.147153
140	267	0.147132
109	146	0.147129
129	268	0.147089
111	371	0.147084
134	338	0.147037
113	158	0.147027
102	14	0.147009
111	336	0.146996
109	127	0.146991
123	309	0.146955
132	23	0.146953
137	109	0.146945
102	12	0.146944
115	33	0.146937
96	355	0.146929
105	159	0.146929
146	351	0.146924
114	168	0.146889
151	255	0.146881
137	141	0.146851
103	181	0.146849
114	181	0.146831
112	69	0.146798
111	131	0.146797
119	32	0.146791
130	261	0.146758
135	165	0.146737
126	94	0.146719
106	258	0.146718
113	336	0.146708
95	22	0.146702
140	16	0.146698
123	293	0.146684
114	147	0.146669
111	23	0.146655
119	355	0.146653
110	141	0.146632
115	30	0.146607
126	306	0.146603
148	14	0.146601
148	258	0.146592
157	8	0.146582
107	27	0.146546
109	93	0.146530
93	73	0.146519
134	255	0.146504
95	344	0.146497
129	23	0.146489
137	140	0.146478
130	98	0.146468
141	243	0.146442
123	21	0.146439
107	217	0.146424
133	20	0.146422
112	23	0.146401
107	278	0.146399
140	346	0.146389
110	142	0.146389
110	155	0.146384
107	129	0.146383
106	18	0.146372
109	26	0.146363
95	301	0.146356
114	269	0.146335
98	55	0.146324
114	164	0.146311
94	21	0.146293
118	301	0.146272
113	154	0.146270
117	70	0.146258
114	293	0.146253
137	76	0.146212
109	144	0.146212
93	306	0.146212
110	145	0.146205
106	301	0.146204
115	181	0.146194
157	312	0.146169
126	333	0.146157
143	332	0.146118
130	325	0.146117
159	256	0.146102
148	26	0.146079
135	6	0.146076
106	91	0.146062
137	17	0.146052
135	242	0.146046
126	129	0.146025
107	32	0.145985
112	357	0.145983
148	33	0.145977
107	127	0.145964
123	269	0.145963
136	20	0.145952
111	36	0.145950
108	300	0.145939
146	348	0.145920
151	39	0.145912
113	156	0.145903
94	273	0.145898
112	129	0.145886
119	348	0.145864
130	137	0.145852
145	104	0.145840
108	173	0.145832
110	270	0.145822
93	27	0.145810
116	181	0.145804
123	268	0.145759
115	27	0.145757
102	337	0.145753
112	164	0.145713
151	331	0.145681
117	275	0.145678
120	166	0.145664
104	344	0.145651
106	68	0.145616
114	23	0.145595
137	257	0.145569
135	141	0.145549
116	150	0.145518
107	349	0.145518
108	159	0.145518
130	35	0.145485
139	25	0.145478
106	63	0.145475
140	6	0.145472
126	188	0.145464
95	298	0.145455
111	31	0.145448
138	332	0.145435
106	216	0.145432
123	31	0.145428
136	345	0.145427
157	144	0.145393
129	27	0.145387
117	272	0.145384
113	356	0.145351
123	248	0.145350
108	139	0.145335
109	32	0.145330
130	70	0.145328
105	31	0.145304
98	307	0.145301
96	347	0.145291
148	30	0.145286
156	36	0.145249
137	10	0.145212
137	143	0.145211
123	103	0.145205
105	362	0.145205
123	87	0.145182
114	67	0.145178
130	272	0.145133
126	264	0.145118
135	64	0.145093
125	29	0.145084
143	29	0.145031
106	367	0.145031
145	9	0.145029
111	369	0.145024
113	164	0.145022
146	129	0.145022
112	32	0.144984
151	30	0.144980
140	164	0.144933
123	11	0.144932
117	155	0.144925
140	103	0.144921
93	345	0.144906
111	164	0.144900
126	352	0.144893
157	73	0.144889
103	274	0.144875
126	169	0.144870
108	92	0.144865
130	162	0.144862
146	264	0.144860
108	103	0.144826
93	261	0.144820
116	148	0.144813
135	272	0.144804
125	272	0.144786
116	258	0.144780
132	106	0.144776
144	22	0.144766
157	340	0.144762
107	357	0.144735
105	40	0.144730
110	375	0.144721
138	342	0.144708
108	261	0.144698
110	164	0.144693
119	339	0.144683
110	124	0.144644
135	108	0.144635
126	120	0.144635
105	93	0.144625
112	66	0.144616
119	109	0.144603
145	22	0.144583
133	78	0.144573
106	102	0.144564
112	247	0.144552
126	268	0.144548
137	272	0.144518
98	15	0.144509
111	306	0.144490
126	331	0.144465
116	271	0.144456
106	270	0.144446
125	166	0.144407
116	293	0.144401
120	22	0.144400
146	345	0.144380
134	264	0.144354
93	161	0.144336
92	22	0.144331
135	164	0.144328
136	346	0.144312
134	327	0.144306
93	304	0.144296
99	342	0.144274
117	258	0.144273
146	96	0.144247
93	172	0.144231
125	86	0.144214
115	305	0.144209
134	248	0.144200
156	70	0.144182
93	308	0.144180
125	268	0.144166
146	357	0.144152
119	145	0.144142
137	15	0.144128
113	374	0.144108
114	294	0.144091
109	129	0.144089
104	14	0.144083
107	250	0.144058
115	64	0.144044
114	277	0.144016
110	91	0.144002
112	221	0.143990
96	22	0.143959
106	275	0.143951
120	170	0.143941
115	32	0.143928
119	146	0.143928
98	52	0.143904
138	262	0.143900
105	18	0.143884
138	341	0.143861
105	302	0.143852
151	306	0.143847
134	337	0.143839
106	65	0.143817
95	299	0.143780
158	256	0.143775
103	271	0.143748
126	31	0.143746
123	265	0.143742
130	34	0.143732
146	141	0.143729
111	276	0.143720
126	91	0.143712
126	310	0.143706
93	159	0.143684
134	109	0.143681
133	18	0.143662
126	11	0.143655
106	255	0.143633
120	129	0.143633
