#Residue Chain TotalDensity HighlyFrustratedDensity NeutrallyFrustratedDensity MinimallyFrustratedDensity relHighlyFrustratedDensity relNeutrallyFrustratedDensity relMinimallyFrustratedDensity
1 C 23 8 15 0 0.347826086956522 0.652173913043478 0
2 C 26 5 20 1 0.192307692307692 0.769230769230769 0.0384615384615385
3 C 29 2 17 10 0.0689655172413793 0.586206896551724 0.344827586206897
4 C 46 0 22 24 0 0.478260869565217 0.521739130434783
5 C 40 5 28 7 0.125 0.7 0.175
6 C 34 3 24 7 0.0882352941176471 0.705882352941177 0.205882352941176
7 C 50 3 32 15 0.06 0.64 0.3
8 C 46 2 22 22 0.0434782608695652 0.478260869565217 0.478260869565217
9 C 50 1 15 34 0.02 0.3 0.68
10 C 38 1 9 28 0.0263157894736842 0.236842105263158 0.736842105263158
11 C 45 4 24 17 0.0888888888888889 0.533333333333333 0.377777777777778
12 C 32 3 21 8 0.09375 0.65625 0.25
13 C 34 2 26 6 0.0588235294117647 0.764705882352941 0.176470588235294
14 C 45 0 35 10 0 0.777777777777778 0.222222222222222
15 C 35 4 25 6 0.114285714285714 0.714285714285714 0.171428571428571
16 C 23 2 16 5 0.0869565217391304 0.695652173913043 0.217391304347826
17 C 37 1 23 13 0.027027027027027 0.621621621621622 0.351351351351351
18 C 43 5 25 13 0.116279069767442 0.581395348837209 0.302325581395349
19 C 50 4 23 23 0.08 0.46 0.46
20 C 48 3 26 19 0.0625 0.541666666666667 0.395833333333333
21 C 41 2 25 14 0.0487804878048781 0.609756097560976 0.341463414634146
22 C 53 3 38 12 0.0566037735849057 0.716981132075472 0.226415094339623
23 C 57 2 39 16 0.0350877192982456 0.684210526315789 0.280701754385965
24 C 26 7 17 2 0.269230769230769 0.653846153846154 0.0769230769230769
25 C 11 6 2 3 0.545454545454545 0.181818181818182 0.272727272727273
26 C 17 8 5 4 0.470588235294118 0.294117647058824 0.235294117647059
27 C 33 7 19 7 0.212121212121212 0.575757575757576 0.212121212121212
28 C 21 2 15 4 0.0952380952380952 0.714285714285714 0.19047619047619
29 C 22 1 12 9 0.0454545454545455 0.545454545454545 0.409090909090909
30 C 21 1 8 12 0.0476190476190476 0.380952380952381 0.571428571428571
31 C 21 2 4 15 0.0952380952380952 0.19047619047619 0.714285714285714
32 C 24 6 10 8 0.25 0.416666666666667 0.333333333333333
33 C 33 3 18 12 0.0909090909090909 0.545454545454545 0.363636363636364
34 C 38 2 17 19 0.0526315789473684 0.447368421052632 0.5
35 C 37 3 15 19 0.0810810810810811 0.405405405405405 0.513513513513513
36 C 31 2 18 11 0.0645161290322581 0.580645161290323 0.354838709677419
37 C 20 1 15 4 0.05 0.75 0.2
38 C 20 1 11 8 0.05 0.55 0.4
39 C 10 1 5 4 0.1 0.5 0.4
40 C 6 1 4 1 0.166666666666667 0.666666666666667 0.166666666666667
41 C 6 1 5 0 0.166666666666667 0.833333333333333 0
42 C 8 0 7 1 0 0.875 0.125
43 C 4 0 2 2 0 0.5 0.5
44 C 11 0 4 7 0 0.363636363636364 0.636363636363636
45 C 13 0 5 8 0 0.384615384615385 0.615384615384615
46 C 10 0 4 6 0 0.4 0.6
47 C 11 0 4 7 0 0.363636363636364 0.636363636363636
48 C 15 0 8 7 0 0.533333333333333 0.466666666666667
49 C 12 0 7 5 0 0.583333333333333 0.416666666666667
50 C 7 0 4 3 0 0.571428571428571 0.428571428571429
51 C 12 0 9 3 0 0.75 0.25
52 C 30 4 18 8 0.133333333333333 0.6 0.266666666666667
53 C 36 8 16 12 0.222222222222222 0.444444444444444 0.333333333333333
54 C 47 6 16 25 0.127659574468085 0.340425531914894 0.531914893617021
55 C 47 7 21 19 0.148936170212766 0.446808510638298 0.404255319148936
56 C 22 7 10 5 0.318181818181818 0.454545454545455 0.227272727272727
57 C 21 7 13 1 0.333333333333333 0.619047619047619 0.0476190476190476
58 C 47 9 25 13 0.191489361702128 0.531914893617021 0.276595744680851
59 C 34 6 20 8 0.176470588235294 0.588235294117647 0.235294117647059
60 C 15 3 11 1 0.2 0.733333333333333 0.0666666666666667
61 C 20 5 10 5 0.25 0.5 0.25
62 C 30 3 18 9 0.1 0.6 0.3
63 C 21 2 13 6 0.0952380952380952 0.619047619047619 0.285714285714286
64 C 21 3 7 11 0.142857142857143 0.333333333333333 0.523809523809524
65 C 40 2 22 16 0.05 0.55 0.4
66 C 31 0 23 8 0 0.741935483870968 0.258064516129032
67 C 35 0 20 15 0 0.571428571428571 0.428571428571429
68 C 21 2 10 9 0.0952380952380952 0.476190476190476 0.428571428571429
69 C 22 6 11 5 0.272727272727273 0.5 0.227272727272727
70 C 36 10 20 6 0.277777777777778 0.555555555555556 0.166666666666667
71 C 36 4 21 11 0.111111111111111 0.583333333333333 0.305555555555556
72 C 33 3 21 9 0.0909090909090909 0.636363636363636 0.272727272727273
73 C 42 1 28 13 0.0238095238095238 0.666666666666667 0.30952380952381
74 C 51 2 34 15 0.0392156862745098 0.666666666666667 0.294117647058824
75 C 33 2 21 10 0.0606060606060606 0.636363636363636 0.303030303030303
76 C 29 4 15 10 0.137931034482759 0.517241379310345 0.344827586206897
77 C 13 2 10 1 0.153846153846154 0.769230769230769 0.0769230769230769
78 C 19 10 9 0 0.526315789473684 0.473684210526316 0
79 C 26 12 11 3 0.461538461538462 0.423076923076923 0.115384615384615
80 C 12 7 4 1 0.583333333333333 0.333333333333333 0.0833333333333333
81 C 19 9 7 3 0.473684210526316 0.368421052631579 0.157894736842105
82 C 34 11 15 8 0.323529411764706 0.441176470588235 0.235294117647059
83 C 25 9 13 3 0.36 0.52 0.12
84 C 24 5 12 7 0.208333333333333 0.5 0.291666666666667
85 C 42 1 21 20 0.0238095238095238 0.5 0.476190476190476
86 C 25 3 15 7 0.12 0.6 0.28
87 C 20 1 15 4 0.05 0.75 0.2
88 C 26 3 12 11 0.115384615384615 0.461538461538462 0.423076923076923
89 C 33 1 19 13 0.0303030303030303 0.575757575757576 0.393939393939394
90 C 30 2 16 12 0.0666666666666667 0.533333333333333 0.4
91 C 19 3 12 4 0.157894736842105 0.631578947368421 0.210526315789474
92 C 11 1 8 2 0.0909090909090909 0.727272727272727 0.181818181818182
93 C 21 1 14 6 0.0476190476190476 0.666666666666667 0.285714285714286
94 C 24 1 13 10 0.0416666666666667 0.541666666666667 0.416666666666667
95 C 16 1 8 7 0.0625 0.5 0.4375
96 C 23 2 12 9 0.0869565217391304 0.521739130434783 0.391304347826087
97 C 19 5 10 4 0.263157894736842 0.526315789473684 0.210526315789474
98 C 29 7 16 6 0.241379310344828 0.551724137931034 0.206896551724138
99 C 20 10 6 4 0.5 0.3 0.2
100 C 28 16 9 3 0.571428571428571 0.321428571428571 0.107142857142857
101 C 41 11 21 9 0.268292682926829 0.51219512195122 0.219512195121951
102 C 43 6 28 9 0.13953488372093 0.651162790697674 0.209302325581395
103 C 40 0 23 17 0 0.575 0.425
104 C 38 0 6 32 0 0.157894736842105 0.842105263157895
105 C 31 0 4 27 0 0.129032258064516 0.870967741935484
106 C 30 1 13 16 0.0333333333333333 0.433333333333333 0.533333333333333
107 C 26 7 11 8 0.269230769230769 0.423076923076923 0.307692307692308
108 C 29 9 17 3 0.310344827586207 0.586206896551724 0.103448275862069
109 C 23 7 12 4 0.304347826086957 0.521739130434783 0.173913043478261
110 C 16 1 10 5 0.0625 0.625 0.3125
111 C 27 9 16 2 0.333333333333333 0.592592592592593 0.0740740740740741
112 C 31 10 20 1 0.32258064516129 0.645161290322581 0.032258064516129
113 C 26 5 18 3 0.192307692307692 0.692307692307692 0.115384615384615
114 C 23 6 14 3 0.260869565217391 0.608695652173913 0.130434782608696
115 C 32 9 18 5 0.28125 0.5625 0.15625
116 C 34 1 23 10 0.0294117647058824 0.676470588235294 0.294117647058824
117 C 36 1 27 8 0.0277777777777778 0.75 0.222222222222222
118 C 24 2 18 4 0.0833333333333333 0.75 0.166666666666667
119 C 25 0 16 9 0 0.64 0.36
120 C 31 1 16 14 0.032258064516129 0.516129032258065 0.451612903225806
121 C 23 0 17 6 0 0.739130434782609 0.260869565217391
122 C 26 1 17 8 0.0384615384615385 0.653846153846154 0.307692307692308
123 C 36 0 18 18 0 0.5 0.5
124 C 38 2 15 21 0.0526315789473684 0.394736842105263 0.552631578947368
125 C 21 3 12 6 0.142857142857143 0.571428571428571 0.285714285714286
126 C 14 1 7 6 0.0714285714285714 0.5 0.428571428571429
127 C 24 3 11 10 0.125 0.458333333333333 0.416666666666667
128 C 24 4 11 9 0.166666666666667 0.458333333333333 0.375
129 C 36 5 14 17 0.138888888888889 0.388888888888889 0.472222222222222
130 C 34 8 20 6 0.235294117647059 0.588235294117647 0.176470588235294
131 C 30 2 17 11 0.0666666666666667 0.566666666666667 0.366666666666667
132 C 37 1 14 22 0.027027027027027 0.378378378378378 0.594594594594595
133 C 29 0 4 25 0 0.137931034482759 0.862068965517241
134 C 27 0 1 26 0 0.037037037037037 0.962962962962963
135 C 34 0 5 29 0 0.147058823529412 0.852941176470588
136 C 27 2 7 18 0.0740740740740741 0.259259259259259 0.666666666666667
137 C 35 6 15 14 0.171428571428571 0.428571428571429 0.4
138 C 45 4 15 26 0.0888888888888889 0.333333333333333 0.577777777777778
139 C 45 0 3 42 0 0.0666666666666667 0.933333333333333
140 C 55 1 15 39 0.0181818181818182 0.272727272727273 0.709090909090909
141 C 62 5 36 21 0.0806451612903226 0.580645161290323 0.338709677419355
142 C 35 0 13 22 0 0.371428571428571 0.628571428571429
143 C 33 0 10 23 0 0.303030303030303 0.696969696969697
144 C 31 0 20 11 0 0.645161290322581 0.354838709677419
145 C 22 0 14 8 0 0.636363636363636 0.363636363636364
146 C 28 1 14 13 0.0357142857142857 0.5 0.464285714285714
147 C 13 0 9 4 0 0.692307692307692 0.307692307692308
148 C 20 0 13 7 0 0.65 0.35
149 C 32 1 20 11 0.03125 0.625 0.34375
150 C 43 2 23 18 0.0465116279069767 0.534883720930233 0.418604651162791
151 C 37 2 12 23 0.0540540540540541 0.324324324324324 0.621621621621622
152 C 39 0 19 20 0 0.487179487179487 0.512820512820513
153 C 37 4 18 15 0.108108108108108 0.486486486486487 0.405405405405405
154 C 54 9 37 8 0.166666666666667 0.685185185185185 0.148148148148148
155 C 49 1 40 8 0.0204081632653061 0.816326530612245 0.163265306122449
156 C 51 0 44 7 0 0.862745098039216 0.137254901960784
157 C 45 2 32 11 0.0444444444444444 0.711111111111111 0.244444444444444
158 C 54 2 35 17 0.037037037037037 0.648148148148148 0.314814814814815
159 C 49 0 33 16 0 0.673469387755102 0.326530612244898
160 C 40 2 27 11 0.05 0.675 0.275
161 C 40 5 28 7 0.125 0.7 0.175
162 C 41 4 26 11 0.0975609756097561 0.634146341463415 0.268292682926829
163 C 39 3 16 20 0.0769230769230769 0.41025641025641 0.512820512820513
164 C 38 4 16 18 0.105263157894737 0.421052631578947 0.473684210526316
165 C 34 1 8 25 0.0294117647058824 0.235294117647059 0.735294117647059
166 C 32 1 14 17 0.03125 0.4375 0.53125
167 C 28 1 19 8 0.0357142857142857 0.678571428571429 0.285714285714286
168 C 59 1 36 22 0.0169491525423729 0.610169491525424 0.372881355932203
169 C 52 0 29 23 0 0.557692307692308 0.442307692307692
170 C 30 1 11 18 0.0333333333333333 0.366666666666667 0.6
171 C 25 1 10 14 0.04 0.4 0.56
172 C 17 1 6 10 0.0588235294117647 0.352941176470588 0.588235294117647
173 C 19 1 9 9 0.0526315789473684 0.473684210526316 0.473684210526316
174 C 26 1 17 8 0.0384615384615385 0.653846153846154 0.307692307692308
175 C 28 0 13 15 0 0.464285714285714 0.535714285714286
176 C 22 1 16 5 0.0454545454545455 0.727272727272727 0.227272727272727
177 C 22 0 13 9 0 0.590909090909091 0.409090909090909
178 C 31 1 15 15 0.032258064516129 0.483870967741935 0.483870967741935
179 C 25 6 9 10 0.24 0.36 0.4
180 C 37 2 15 20 0.0540540540540541 0.405405405405405 0.540540540540541
181 C 52 1 28 23 0.0192307692307692 0.538461538461538 0.442307692307692
182 C 44 1 25 18 0.0227272727272727 0.568181818181818 0.409090909090909
183 C 35 1 16 18 0.0285714285714286 0.457142857142857 0.514285714285714
184 C 24 1 10 13 0.0416666666666667 0.416666666666667 0.541666666666667
185 C 34 0 12 22 0 0.352941176470588 0.647058823529412
186 C 37 1 10 26 0.027027027027027 0.27027027027027 0.702702702702703
187 C 19 0 7 12 0 0.368421052631579 0.631578947368421
188 C 20 0 4 16 0 0.2 0.8
189 C 25 0 3 22 0 0.12 0.88
190 C 26 0 6 20 0 0.230769230769231 0.769230769230769
191 C 14 0 7 7 0 0.5 0.5
192 C 16 0 6 10 0 0.375 0.625
193 C 27 0 14 13 0 0.518518518518518 0.481481481481481
194 C 17 1 10 6 0.0588235294117647 0.588235294117647 0.352941176470588
195 C 11 0 6 5 0 0.545454545454545 0.454545454545455
196 C 15 0 9 6 0 0.6 0.4
197 C 9 1 6 2 0.111111111111111 0.666666666666667 0.222222222222222
198 C 17 1 11 5 0.0588235294117647 0.647058823529412 0.294117647058824
199 C 11 1 9 1 0.0909090909090909 0.818181818181818 0.0909090909090909
200 C 19 0 8 11 0 0.421052631578947 0.578947368421053
201 C 13 0 7 6 0 0.538461538461538 0.461538461538462
202 C 14 0 10 4 0 0.714285714285714 0.285714285714286
203 C 26 0 21 5 0 0.807692307692308 0.192307692307692
204 C 37 0 26 11 0 0.702702702702703 0.297297297297297
205 C 31 0 14 17 0 0.451612903225806 0.548387096774194
206 C 35 0 13 22 0 0.371428571428571 0.628571428571429
207 C 24 1 9 14 0.0416666666666667 0.375 0.583333333333333
208 C 18 0 3 15 0 0.166666666666667 0.833333333333333
209 C 29 0 2 27 0 0.0689655172413793 0.931034482758621
210 C 26 2 6 18 0.0769230769230769 0.230769230769231 0.692307692307692
211 C 13 1 5 7 0.0769230769230769 0.384615384615385 0.538461538461538
212 C 26 1 6 19 0.0384615384615385 0.230769230769231 0.730769230769231
213 C 26 3 7 16 0.115384615384615 0.269230769230769 0.615384615384615
214 C 16 1 5 10 0.0625 0.3125 0.625
215 C 14 0 5 9 0 0.357142857142857 0.642857142857143
216 C 23 0 7 16 0 0.304347826086957 0.695652173913043
217 C 31 2 9 20 0.0645161290322581 0.290322580645161 0.645161290322581
218 C 32 1 13 18 0.03125 0.40625 0.5625
219 C 41 1 19 21 0.024390243902439 0.463414634146341 0.51219512195122
220 C 32 4 15 13 0.125 0.46875 0.40625
221 C 20 1 10 9 0.05 0.5 0.45
222 C 15 6 9 0 0.4 0.6 0
223 C 25 7 15 3 0.28 0.6 0.12
224 C 15 7 8 0 0.466666666666667 0.533333333333333 0
225 C 17 8 9 0 0.470588235294118 0.529411764705882 0
226 C 34 10 20 4 0.294117647058824 0.588235294117647 0.117647058823529
227 C 28 7 17 4 0.25 0.607142857142857 0.142857142857143
228 C 17 3 13 1 0.176470588235294 0.764705882352941 0.0588235294117647
229 C 21 3 16 2 0.142857142857143 0.761904761904762 0.0952380952380952
230 C 35 4 24 7 0.114285714285714 0.685714285714286 0.2
231 C 20 1 16 3 0.05 0.8 0.15
232 C 11 0 9 2 0 0.818181818181818 0.181818181818182
233 C 11 0 8 3 0 0.727272727272727 0.272727272727273
234 C 16 0 13 3 0 0.8125 0.1875
235 C 12 0 9 3 0 0.75 0.25
236 C 20 0 12 8 0 0.6 0.4
237 C 29 1 22 6 0.0344827586206897 0.758620689655172 0.206896551724138
238 C 17 1 9 7 0.0588235294117647 0.529411764705882 0.411764705882353
239 C 18 1 6 11 0.0555555555555556 0.333333333333333 0.611111111111111
240 C 20 0 2 18 0 0.1 0.9
241 C 15 0 6 9 0 0.4 0.6
242 C 22 1 8 13 0.0454545454545455 0.363636363636364 0.590909090909091
243 C 9 1 6 2 0.111111111111111 0.666666666666667 0.222222222222222
244 C 9 1 5 3 0.111111111111111 0.555555555555556 0.333333333333333
245 C 8 1 4 3 0.125 0.5 0.375
246 C 12 1 6 5 0.0833333333333333 0.5 0.416666666666667
247 C 16 0 4 12 0 0.25 0.75
248 C 18 0 2 16 0 0.111111111111111 0.888888888888889
249 C 20 1 7 12 0.05 0.35 0.6
250 C 30 2 11 17 0.0666666666666667 0.366666666666667 0.566666666666667
251 C 29 2 18 9 0.0689655172413793 0.620689655172414 0.310344827586207
252 C 31 3 20 8 0.0967741935483871 0.645161290322581 0.258064516129032
253 C 25 1 12 12 0.04 0.48 0.48
254 C 40 2 13 25 0.05 0.325 0.625
255 C 42 2 16 24 0.0476190476190476 0.380952380952381 0.571428571428571
256 C 31 1 15 15 0.032258064516129 0.483870967741935 0.483870967741935
257 C 30 1 11 18 0.0333333333333333 0.366666666666667 0.6
258 C 29 1 18 10 0.0344827586206897 0.620689655172414 0.344827586206897
259 C 32 3 22 7 0.09375 0.6875 0.21875
260 C 34 3 19 12 0.0882352941176471 0.558823529411765 0.352941176470588
261 C 29 1 12 16 0.0344827586206897 0.413793103448276 0.551724137931034
262 C 28 2 17 9 0.0714285714285714 0.607142857142857 0.321428571428571
263 C 32 5 22 5 0.15625 0.6875 0.15625
264 C 42 5 26 11 0.119047619047619 0.619047619047619 0.261904761904762
265 C 24 3 18 3 0.125 0.75 0.125
266 C 16 2 9 5 0.125 0.5625 0.3125
267 C 20 0 11 9 0 0.55 0.45
268 C 17 0 13 4 0 0.764705882352941 0.235294117647059
269 C 18 2 13 3 0.111111111111111 0.722222222222222 0.166666666666667
270 C 21 3 17 1 0.142857142857143 0.80952380952381 0.0476190476190476
271 C 22 4 16 2 0.181818181818182 0.727272727272727 0.0909090909090909
272 C 28 5 17 6 0.178571428571429 0.607142857142857 0.214285714285714
273 C 34 4 23 7 0.117647058823529 0.676470588235294 0.205882352941176
274 C 32 0 17 15 0 0.53125 0.46875
275 C 34 0 25 9 0 0.735294117647059 0.264705882352941
276 C 24 3 19 2 0.125 0.791666666666667 0.0833333333333333
277 C 36 5 26 5 0.138888888888889 0.722222222222222 0.138888888888889
278 C 31 2 21 8 0.0645161290322581 0.67741935483871 0.258064516129032
279 C 25 1 11 13 0.04 0.44 0.52
280 C 21 3 12 6 0.142857142857143 0.571428571428571 0.285714285714286
281 C 42 6 27 9 0.142857142857143 0.642857142857143 0.214285714285714
282 C 32 2 14 16 0.0625 0.4375 0.5
283 C 17 1 7 9 0.0588235294117647 0.411764705882353 0.529411764705882
284 C 16 2 8 6 0.125 0.5 0.375
285 C 24 1 10 13 0.0416666666666667 0.416666666666667 0.541666666666667
286 C 30 1 14 15 0.0333333333333333 0.466666666666667 0.5
287 C 22 2 12 8 0.0909090909090909 0.545454545454545 0.363636363636364
288 C 32 5 18 9 0.15625 0.5625 0.28125
289 C 25 2 11 12 0.08 0.44 0.48
290 C 31 0 17 14 0 0.548387096774194 0.451612903225806
291 C 24 1 15 8 0.0416666666666667 0.625 0.333333333333333
292 C 25 0 16 9 0 0.64 0.36
293 C 44 2 20 22 0.0454545454545455 0.454545454545455 0.5
294 C 34 0 18 16 0 0.529411764705882 0.470588235294118
295 C 25 3 14 8 0.12 0.56 0.32
296 C 36 4 24 8 0.111111111111111 0.666666666666667 0.222222222222222
297 C 34 4 21 9 0.117647058823529 0.617647058823529 0.264705882352941
298 C 40 1 21 18 0.025 0.525 0.45
299 C 47 1 24 22 0.0212765957446809 0.51063829787234 0.468085106382979
300 C 59 10 41 8 0.169491525423729 0.694915254237288 0.135593220338983
301 C 49 10 34 5 0.204081632653061 0.693877551020408 0.102040816326531
302 C 37 6 25 6 0.162162162162162 0.675675675675676 0.162162162162162
303 C 35 1 25 9 0.0285714285714286 0.714285714285714 0.257142857142857
304 C 44 2 26 16 0.0454545454545455 0.590909090909091 0.363636363636364
305 C 21 3 9 9 0.142857142857143 0.428571428571429 0.428571428571429
306 C 21 1 9 11 0.0476190476190476 0.428571428571429 0.523809523809524
307 C 18 1 7 10 0.0555555555555556 0.388888888888889 0.555555555555556
308 C 23 0 12 11 0 0.521739130434783 0.478260869565217
309 C 35 0 12 23 0 0.342857142857143 0.657142857142857
310 C 31 0 11 20 0 0.354838709677419 0.645161290322581
311 C 26 0 13 13 0 0.5 0.5
312 C 33 0 17 16 0 0.515151515151515 0.484848484848485
313 C 32 0 12 20 0 0.375 0.625
314 C 24 2 10 12 0.0833333333333333 0.416666666666667 0.5
315 C 19 0 12 7 0 0.631578947368421 0.368421052631579
316 C 26 0 19 7 0 0.730769230769231 0.269230769230769
317 C 34 0 16 18 0 0.470588235294118 0.529411764705882
318 C 21 0 9 12 0 0.428571428571429 0.571428571428571
319 C 13 0 8 5 0 0.615384615384615 0.384615384615385
320 C 11 0 5 6 0 0.454545454545455 0.545454545454545
321 C 19 0 9 10 0 0.473684210526316 0.526315789473684
322 C 13 4 7 2 0.307692307692308 0.538461538461538 0.153846153846154
323 C 6 1 4 1 0.166666666666667 0.666666666666667 0.166666666666667
324 C 5 2 3 0 0.4 0.6 0
325 C 16 3 9 4 0.1875 0.5625 0.25
326 C 11 3 4 4 0.272727272727273 0.363636363636364 0.363636363636364
327 C 23 2 8 13 0.0869565217391304 0.347826086956522 0.565217391304348
328 C 20 5 10 5 0.25 0.5 0.25
329 C 27 3 10 14 0.111111111111111 0.37037037037037 0.518518518518518
330 C 19 1 10 8 0.0526315789473684 0.526315789473684 0.421052631578947
331 C 27 0 15 12 0 0.555555555555556 0.444444444444444
332 C 18 2 16 0 0.111111111111111 0.888888888888889 0
333 C 5 1 4 0 0.2 0.8 0
334 C 15 7 7 1 0.466666666666667 0.466666666666667 0.0666666666666667
335 C 41 11 30 0 0.268292682926829 0.731707317073171 0
336 C 35 14 20 1 0.4 0.571428571428571 0.0285714285714286
337 C 32 11 16 5 0.34375 0.5 0.15625
338 C 59 5 39 15 0.0847457627118644 0.661016949152542 0.254237288135593
339 C 52 5 25 22 0.0961538461538462 0.480769230769231 0.423076923076923
340 C 51 3 30 18 0.0588235294117647 0.588235294117647 0.352941176470588
341 C 49 1 29 19 0.0204081632653061 0.591836734693878 0.387755102040816
342 C 61 0 30 31 0 0.491803278688525 0.508196721311475
343 C 69 0 30 39 0 0.434782608695652 0.565217391304348
344 C 63 0 35 28 0 0.555555555555556 0.444444444444444
345 C 54 0 21 33 0 0.388888888888889 0.611111111111111
346 C 56 0 7 49 0 0.125 0.875
347 C 50 1 19 30 0.02 0.38 0.6
348 C 44 1 26 17 0.0227272727272727 0.590909090909091 0.386363636363636
349 C 49 0 11 38 0 0.224489795918367 0.775510204081633
350 C 55 0 26 29 0 0.472727272727273 0.527272727272727
351 C 83 0 37 46 0 0.44578313253012 0.55421686746988
352 C 64 0 20 44 0 0.3125 0.6875
353 C 51 0 34 17 0 0.666666666666667 0.333333333333333
354 C 48 0 30 18 0 0.625 0.375
355 C 51 0 13 38 0 0.254901960784314 0.745098039215686
356 C 32 0 12 20 0 0.375 0.625
357 C 29 1 8 20 0.0344827586206897 0.275862068965517 0.689655172413793
358 C 31 2 13 16 0.0645161290322581 0.419354838709677 0.516129032258065
359 C 21 2 12 7 0.0952380952380952 0.571428571428571 0.333333333333333
360 C 13 1 7 5 0.0769230769230769 0.538461538461538 0.384615384615385
361 C 28 4 9 15 0.142857142857143 0.321428571428571 0.535714285714286
362 C 29 9 12 8 0.310344827586207 0.413793103448276 0.275862068965517
363 C 14 6 5 3 0.428571428571429 0.357142857142857 0.214285714285714
364 C 10 2 4 4 0.2 0.4 0.4
365 C 16 7 6 3 0.4375 0.375 0.1875
366 C 16 6 5 5 0.375 0.3125 0.3125
367 C 25 5 12 8 0.2 0.48 0.32
368 C 26 5 12 9 0.192307692307692 0.461538461538462 0.346153846153846
369 C 36 7 16 13 0.194444444444444 0.444444444444444 0.361111111111111
370 C 35 3 11 21 0.0857142857142857 0.314285714285714 0.6
371 C 26 2 13 11 0.0769230769230769 0.5 0.423076923076923
372 C 27 5 13 9 0.185185185185185 0.481481481481481 0.333333333333333
373 C 43 9 18 16 0.209302325581395 0.418604651162791 0.372093023255814
374 C 46 4 15 27 0.0869565217391304 0.326086956521739 0.58695652173913
375 C 44 1 17 26 0.0227272727272727 0.386363636363636 0.590909090909091
1 D 10 5 5 0 0.5 0.5 0
2 D 6 4 2 0 0.666666666666667 0.333333333333333 0
3 D 4 3 1 0 0.75 0.25 0
4 D 6 3 3 0 0.5 0.5 0
5 D 19 5 12 2 0.263157894736842 0.631578947368421 0.105263157894737
6 D 28 3 19 6 0.107142857142857 0.678571428571429 0.214285714285714
7 D 47 2 29 16 0.0425531914893617 0.617021276595745 0.340425531914894
8 D 47 1 22 24 0.0212765957446809 0.468085106382979 0.51063829787234
9 D 47 1 14 32 0.0212765957446809 0.297872340425532 0.680851063829787
10 D 38 2 13 23 0.0526315789473684 0.342105263157895 0.605263157894737
11 D 46 6 25 15 0.130434782608696 0.543478260869565 0.326086956521739
12 D 34 6 20 8 0.176470588235294 0.588235294117647 0.235294117647059
13 D 35 4 24 7 0.114285714285714 0.685714285714286 0.2
14 D 50 1 38 11 0.02 0.76 0.22
15 D 35 1 28 6 0.0285714285714286 0.8 0.171428571428571
16 D 26 1 19 6 0.0384615384615385 0.730769230769231 0.230769230769231
17 D 39 2 22 15 0.0512820512820513 0.564102564102564 0.384615384615385
18 D 44 5 27 12 0.113636363636364 0.613636363636364 0.272727272727273
19 D 49 3 22 24 0.0612244897959184 0.448979591836735 0.489795918367347
20 D 49 2 28 19 0.0408163265306122 0.571428571428571 0.387755102040816
21 D 42 0 26 16 0 0.619047619047619 0.380952380952381
22 D 45 0 32 13 0 0.711111111111111 0.288888888888889
23 D 39 0 26 13 0 0.666666666666667 0.333333333333333
24 D 22 3 16 3 0.136363636363636 0.727272727272727 0.136363636363636
25 D 9 3 3 3 0.333333333333333 0.333333333333333 0.333333333333333
26 D 18 8 6 4 0.444444444444444 0.333333333333333 0.222222222222222
27 D 36 7 22 7 0.194444444444444 0.611111111111111 0.194444444444444
28 D 20 1 15 4 0.05 0.75 0.2
29 D 21 0 11 10 0 0.523809523809524 0.476190476190476
30 D 20 0 8 12 0 0.4 0.6
31 D 20 1 6 13 0.05 0.3 0.65
32 D 25 4 13 8 0.16 0.52 0.32
33 D 33 2 20 11 0.0606060606060606 0.606060606060606 0.333333333333333
34 D 38 2 16 20 0.0526315789473684 0.421052631578947 0.526315789473684
35 D 36 2 15 19 0.0555555555555556 0.416666666666667 0.527777777777778
36 D 30 1 18 11 0.0333333333333333 0.6 0.366666666666667
37 D 20 0 15 5 0 0.75 0.25
38 D 21 1 13 7 0.0476190476190476 0.619047619047619 0.333333333333333
39 D 14 0 11 3 0 0.785714285714286 0.214285714285714
40 D 7 0 6 1 0 0.857142857142857 0.142857142857143
41 D 6 0 6 0 0 1 0
42 D 8 0 7 1 0 0.875 0.125
43 D 4 0 2 2 0 0.5 0.5
44 D 11 0 4 7 0 0.363636363636364 0.636363636363636
45 D 13 0 5 8 0 0.384615384615385 0.615384615384615
46 D 10 0 5 5 0 0.5 0.5
47 D 11 0 5 6 0 0.454545454545455 0.545454545454545
48 D 14 0 8 6 0 0.571428571428571 0.428571428571429
49 D 12 0 8 4 0 0.666666666666667 0.333333333333333
50 D 8 0 6 2 0 0.75 0.25
51 D 14 0 11 3 0 0.785714285714286 0.214285714285714
52 D 26 2 18 6 0.0769230769230769 0.692307692307692 0.230769230769231
53 D 35 2 21 12 0.0571428571428571 0.6 0.342857142857143
54 D 46 2 19 25 0.0434782608695652 0.41304347826087 0.543478260869565
55 D 50 6 26 18 0.12 0.52 0.36
56 D 21 5 11 5 0.238095238095238 0.523809523809524 0.238095238095238
57 D 19 5 12 2 0.263157894736842 0.631578947368421 0.105263157894737
58 D 45 7 27 11 0.155555555555556 0.6 0.244444444444444
59 D 35 6 21 8 0.171428571428571 0.6 0.228571428571429
60 D 15 3 10 2 0.2 0.666666666666667 0.133333333333333
61 D 19 5 9 5 0.263157894736842 0.473684210526316 0.263157894736842
62 D 30 3 20 7 0.1 0.666666666666667 0.233333333333333
63 D 19 2 13 4 0.105263157894737 0.684210526315789 0.210526315789474
64 D 21 3 9 9 0.142857142857143 0.428571428571429 0.428571428571429
65 D 39 2 23 14 0.0512820512820513 0.58974358974359 0.358974358974359
66 D 33 0 25 8 0 0.757575757575758 0.242424242424242
67 D 37 0 20 17 0 0.540540540540541 0.459459459459459
68 D 21 3 8 10 0.142857142857143 0.380952380952381 0.476190476190476
69 D 20 3 11 6 0.15 0.55 0.3
70 D 36 13 16 7 0.361111111111111 0.444444444444444 0.194444444444444
71 D 33 4 17 12 0.121212121212121 0.515151515151515 0.363636363636364
72 D 34 5 19 10 0.147058823529412 0.558823529411765 0.294117647058824
73 D 40 2 24 14 0.05 0.6 0.35
74 D 49 3 29 17 0.0612244897959184 0.591836734693878 0.346938775510204
75 D 29 1 17 11 0.0344827586206897 0.586206896551724 0.379310344827586
76 D 26 4 13 9 0.153846153846154 0.5 0.346153846153846
77 D 13 5 6 2 0.384615384615385 0.461538461538462 0.153846153846154
78 D 21 13 7 1 0.619047619047619 0.333333333333333 0.0476190476190476
79 D 24 11 13 0 0.458333333333333 0.541666666666667 0
80 D 12 7 5 0 0.583333333333333 0.416666666666667 0
81 D 20 9 8 3 0.45 0.4 0.15
82 D 33 11 15 7 0.333333333333333 0.454545454545455 0.212121212121212
83 D 27 8 16 3 0.296296296296296 0.592592592592593 0.111111111111111
84 D 27 3 17 7 0.111111111111111 0.62962962962963 0.259259259259259
85 D 44 0 25 19 0 0.568181818181818 0.431818181818182
86 D 27 3 16 8 0.111111111111111 0.592592592592593 0.296296296296296
87 D 21 3 14 4 0.142857142857143 0.666666666666667 0.19047619047619
88 D 28 1 14 13 0.0357142857142857 0.5 0.464285714285714
89 D 34 1 18 15 0.0294117647058824 0.529411764705882 0.441176470588235
90 D 30 4 13 13 0.133333333333333 0.433333333333333 0.433333333333333
91 D 20 4 9 7 0.2 0.45 0.35
92 D 15 1 11 3 0.0666666666666667 0.733333333333333 0.2
93 D 23 1 15 7 0.0434782608695652 0.652173913043478 0.304347826086957
94 D 25 1 13 11 0.04 0.52 0.44
95 D 13 1 6 6 0.0769230769230769 0.461538461538462 0.461538461538462
96 D 21 1 11 9 0.0476190476190476 0.523809523809524 0.428571428571429
97 D 20 5 10 5 0.25 0.5 0.25
98 D 32 5 20 7 0.15625 0.625 0.21875
99 D 20 8 8 4 0.4 0.4 0.2
100 D 19 9 9 1 0.473684210526316 0.473684210526316 0.0526315789473684
101 D 40 9 22 9 0.225 0.55 0.225
102 D 43 4 31 8 0.0930232558139535 0.720930232558139 0.186046511627907
103 D 42 0 26 16 0 0.619047619047619 0.380952380952381
104 D 38 0 9 29 0 0.236842105263158 0.763157894736842
105 D 29 0 5 24 0 0.172413793103448 0.827586206896552
106 D 31 3 13 15 0.0967741935483871 0.419354838709677 0.483870967741935
107 D 24 8 9 7 0.333333333333333 0.375 0.291666666666667
108 D 30 10 16 4 0.333333333333333 0.533333333333333 0.133333333333333
109 D 21 7 12 2 0.333333333333333 0.571428571428571 0.0952380952380952
110 D 16 2 9 5 0.125 0.5625 0.3125
111 D 28 10 15 3 0.357142857142857 0.535714285714286 0.107142857142857
112 D 30 9 20 1 0.3 0.666666666666667 0.0333333333333333
113 D 23 3 18 2 0.130434782608696 0.782608695652174 0.0869565217391304
114 D 22 5 15 2 0.227272727272727 0.681818181818182 0.0909090909090909
115 D 33 7 21 5 0.212121212121212 0.636363636363636 0.151515151515152
116 D 35 1 24 10 0.0285714285714286 0.685714285714286 0.285714285714286
117 D 34 2 26 6 0.0588235294117647 0.764705882352941 0.176470588235294
118 D 22 2 17 3 0.0909090909090909 0.772727272727273 0.136363636363636
119 D 26 1 18 7 0.0384615384615385 0.692307692307692 0.269230769230769
120 D 29 1 17 11 0.0344827586206897 0.586206896551724 0.379310344827586
121 D 23 3 17 3 0.130434782608696 0.739130434782609 0.130434782608696
122 D 25 2 18 5 0.08 0.72 0.2
123 D 35 0 21 14 0 0.6 0.4
124 D 37 3 19 15 0.0810810810810811 0.513513513513513 0.405405405405405
125 D 20 4 12 4 0.2 0.6 0.2
126 D 13 1 9 3 0.0769230769230769 0.692307692307692 0.230769230769231
127 D 25 2 13 10 0.08 0.52 0.4
128 D 25 4 12 9 0.16 0.48 0.36
129 D 40 4 18 18 0.1 0.45 0.45
130 D 29 7 15 7 0.241379310344828 0.517241379310345 0.241379310344828
131 D 29 1 15 13 0.0344827586206897 0.517241379310345 0.448275862068966
132 D 37 0 13 24 0 0.351351351351351 0.648648648648649
133 D 23 0 5 18 0 0.217391304347826 0.782608695652174
134 D 25 0 2 23 0 0.08 0.92
135 D 23 0 5 18 0 0.217391304347826 0.782608695652174
136 D 23 3 7 13 0.130434782608696 0.304347826086957 0.565217391304348
137 D 38 6 19 13 0.157894736842105 0.5 0.342105263157895
138 D 47 3 23 21 0.0638297872340425 0.48936170212766 0.446808510638298
139 D 32 0 10 22 0 0.3125 0.6875
140 D 48 0 20 28 0 0.416666666666667 0.583333333333333
141 D 59 3 37 19 0.0508474576271186 0.627118644067797 0.322033898305085
142 D 36 0 15 21 0 0.416666666666667 0.583333333333333
143 D 26 0 9 17 0 0.346153846153846 0.653846153846154
144 D 33 0 20 13 0 0.606060606060606 0.393939393939394
145 D 22 2 12 8 0.0909090909090909 0.545454545454545 0.363636363636364
146 D 24 1 11 12 0.0416666666666667 0.458333333333333 0.5
147 D 13 0 8 5 0 0.615384615384615 0.384615384615385
148 D 20 0 10 10 0 0.5 0.5
149 D 35 0 21 14 0 0.6 0.4
150 D 47 3 24 20 0.0638297872340425 0.51063829787234 0.425531914893617
151 D 39 3 13 23 0.0769230769230769 0.333333333333333 0.58974358974359
152 D 41 0 20 21 0 0.48780487804878 0.51219512195122
153 D 39 3 20 16 0.0769230769230769 0.512820512820513 0.41025641025641
154 D 52 9 34 9 0.173076923076923 0.653846153846154 0.173076923076923
155 D 50 1 42 7 0.02 0.84 0.14
156 D 55 0 47 8 0 0.854545454545454 0.145454545454545
157 D 52 2 37 13 0.0384615384615385 0.711538461538462 0.25
158 D 59 2 38 19 0.0338983050847458 0.644067796610169 0.322033898305085
159 D 49 0 32 17 0 0.653061224489796 0.346938775510204
160 D 39 2 26 11 0.0512820512820513 0.666666666666667 0.282051282051282
161 D 41 4 27 10 0.0975609756097561 0.658536585365854 0.24390243902439
162 D 42 4 22 16 0.0952380952380952 0.523809523809524 0.380952380952381
163 D 38 3 16 19 0.0789473684210526 0.421052631578947 0.5
164 D 37 5 16 16 0.135135135135135 0.432432432432432 0.432432432432432
165 D 33 1 9 23 0.0303030303030303 0.272727272727273 0.696969696969697
166 D 32 0 14 18 0 0.4375 0.5625
167 D 18 0 10 8 0 0.555555555555556 0.444444444444444
168 D 12 0 8 4 0 0.666666666666667 0.333333333333333
169 D 12 0 5 7 0 0.416666666666667 0.583333333333333
170 D 16 0 5 11 0 0.3125 0.6875
171 D 18 2 6 10 0.111111111111111 0.333333333333333 0.555555555555556
172 D 14 3 4 7 0.214285714285714 0.285714285714286 0.5
173 D 18 2 9 7 0.111111111111111 0.5 0.388888888888889
174 D 23 2 15 6 0.0869565217391304 0.652173913043478 0.260869565217391
175 D 27 0 11 16 0 0.407407407407407 0.592592592592593
176 D 21 0 15 6 0 0.714285714285714 0.285714285714286
177 D 21 0 12 9 0 0.571428571428571 0.428571428571429
178 D 27 1 15 11 0.037037037037037 0.555555555555556 0.407407407407407
179 D 21 7 7 7 0.333333333333333 0.333333333333333 0.333333333333333
180 D 37 2 18 17 0.0540540540540541 0.486486486486487 0.459459459459459
181 D 54 1 32 21 0.0185185185185185 0.592592592592593 0.388888888888889
182 D 44 1 27 16 0.0227272727272727 0.613636363636364 0.363636363636364
183 D 33 1 16 16 0.0303030303030303 0.484848484848485 0.484848484848485
184 D 21 2 12 7 0.0952380952380952 0.571428571428571 0.333333333333333
185 D 32 0 15 17 0 0.46875 0.53125
186 D 33 0 11 22 0 0.333333333333333 0.666666666666667
187 D 18 0 8 10 0 0.444444444444444 0.555555555555556
188 D 22 0 6 16 0 0.272727272727273 0.727272727272727
189 D 27 0 3 24 0 0.111111111111111 0.888888888888889
190 D 25 0 2 23 0 0.08 0.92
191 D 15 0 6 9 0 0.4 0.6
192 D 21 0 7 14 0 0.333333333333333 0.666666666666667
193 D 27 0 9 18 0 0.333333333333333 0.666666666666667
194 D 31 4 18 9 0.129032258064516 0.580645161290323 0.290322580645161
195 D 22 0 16 6 0 0.727272727272727 0.272727272727273
196 D 26 3 16 7 0.115384615384615 0.615384615384615 0.269230769230769
197 D 20 6 12 2 0.3 0.6 0.1
198 D 19 2 9 8 0.105263157894737 0.473684210526316 0.421052631578947
199 D 13 2 8 3 0.153846153846154 0.615384615384615 0.230769230769231
200 D 19 0 7 12 0 0.368421052631579 0.631578947368421
201 D 16 0 9 7 0 0.5625 0.4375
202 D 20 0 15 5 0 0.75 0.25
203 D 27 0 22 5 0 0.814814814814815 0.185185185185185
204 D 36 0 27 9 0 0.75 0.25
205 D 29 0 16 13 0 0.551724137931034 0.448275862068966
206 D 35 0 15 20 0 0.428571428571429 0.571428571428571
207 D 22 0 13 9 0 0.590909090909091 0.409090909090909
208 D 18 0 7 11 0 0.388888888888889 0.611111111111111
209 D 29 0 3 26 0 0.103448275862069 0.896551724137931
210 D 24 1 8 15 0.0416666666666667 0.333333333333333 0.625
211 D 14 1 4 9 0.0714285714285714 0.285714285714286 0.642857142857143
212 D 24 1 6 17 0.0416666666666667 0.25 0.708333333333333
213 D 29 2 9 18 0.0689655172413793 0.310344827586207 0.620689655172414
214 D 17 1 6 10 0.0588235294117647 0.352941176470588 0.588235294117647
215 D 14 0 5 9 0 0.357142857142857 0.642857142857143
216 D 27 0 7 20 0 0.259259259259259 0.740740740740741
217 D 34 1 10 23 0.0294117647058824 0.294117647058824 0.676470588235294
218 D 33 0 15 18 0 0.454545454545455 0.545454545454545
219 D 39 0 19 20 0 0.487179487179487 0.512820512820513
220 D 31 4 14 13 0.129032258064516 0.451612903225806 0.419354838709677
221 D 19 1 11 7 0.0526315789473684 0.578947368421053 0.368421052631579
222 D 17 6 10 1 0.352941176470588 0.588235294117647 0.0588235294117647
223 D 28 8 17 3 0.285714285714286 0.607142857142857 0.107142857142857
224 D 19 4 15 0 0.210526315789474 0.789473684210526 0
225 D 22 7 15 0 0.318181818181818 0.681818181818182 0
226 D 33 10 21 2 0.303030303030303 0.636363636363636 0.0606060606060606
227 D 31 7 22 2 0.225806451612903 0.709677419354839 0.0645161290322581
228 D 27 5 20 2 0.185185185185185 0.740740740740741 0.0740740740740741
229 D 23 4 17 2 0.173913043478261 0.739130434782609 0.0869565217391304
230 D 37 4 28 5 0.108108108108108 0.756756756756757 0.135135135135135
231 D 21 3 18 0 0.142857142857143 0.857142857142857 0
232 D 12 1 10 1 0.0833333333333333 0.833333333333333 0.0833333333333333
233 D 10 0 8 2 0 0.8 0.2
234 D 16 0 14 2 0 0.875 0.125
235 D 14 0 11 3 0 0.785714285714286 0.214285714285714
236 D 21 0 12 9 0 0.571428571428571 0.428571428571429
237 D 28 1 22 5 0.0357142857142857 0.785714285714286 0.178571428571429
238 D 15 1 7 7 0.0666666666666667 0.466666666666667 0.466666666666667
239 D 15 1 6 8 0.0666666666666667 0.4 0.533333333333333
240 D 18 0 3 15 0 0.166666666666667 0.833333333333333
241 D 12 2 3 7 0.166666666666667 0.25 0.583333333333333
242 D 20 5 3 12 0.25 0.15 0.6
243 D 10 4 3 3 0.4 0.3 0.3
244 D 7 3 2 2 0.428571428571429 0.285714285714286 0.285714285714286
245 D 9 3 2 4 0.333333333333333 0.222222222222222 0.444444444444444
246 D 12 3 2 7 0.25 0.166666666666667 0.583333333333333
247 D 15 1 3 11 0.0666666666666667 0.2 0.733333333333333
248 D 19 0 3 16 0 0.157894736842105 0.842105263157895
249 D 19 1 6 12 0.0526315789473684 0.315789473684211 0.631578947368421
250 D 30 2 11 17 0.0666666666666667 0.366666666666667 0.566666666666667
251 D 29 2 19 8 0.0689655172413793 0.655172413793103 0.275862068965517
252 D 34 3 22 9 0.0882352941176471 0.647058823529412 0.264705882352941
253 D 28 1 11 16 0.0357142857142857 0.392857142857143 0.571428571428571
254 D 41 2 14 25 0.0487804878048781 0.341463414634146 0.609756097560976
255 D 44 3 16 25 0.0681818181818182 0.363636363636364 0.568181818181818
256 D 31 2 15 14 0.0645161290322581 0.483870967741935 0.451612903225806
257 D 31 1 13 17 0.032258064516129 0.419354838709677 0.548387096774194
258 D 29 1 18 10 0.0344827586206897 0.620689655172414 0.344827586206897
259 D 34 2 24 8 0.0588235294117647 0.705882352941177 0.235294117647059
260 D 39 2 23 14 0.0512820512820513 0.58974358974359 0.358974358974359
261 D 31 1 15 15 0.032258064516129 0.483870967741935 0.483870967741935
262 D 32 1 18 13 0.03125 0.5625 0.40625
263 D 33 3 23 7 0.0909090909090909 0.696969696969697 0.212121212121212
264 D 44 1 32 11 0.0227272727272727 0.727272727272727 0.25
265 D 29 0 25 4 0 0.862068965517241 0.137931034482759
266 D 19 1 12 6 0.0526315789473684 0.631578947368421 0.315789473684211
267 D 24 0 14 10 0 0.583333333333333 0.416666666666667
268 D 22 0 15 7 0 0.681818181818182 0.318181818181818
269 D 23 0 21 2 0 0.91304347826087 0.0869565217391304
270 D 21 0 21 0 0 1 0
271 D 20 1 17 2 0.05 0.85 0.1
272 D 25 2 19 4 0.08 0.76 0.16
273 D 33 2 24 7 0.0606060606060606 0.727272727272727 0.212121212121212
274 D 32 0 16 16 0 0.5 0.5
275 D 33 0 23 10 0 0.696969696969697 0.303030303030303
276 D 21 3 15 3 0.142857142857143 0.714285714285714 0.142857142857143
277 D 32 4 23 5 0.125 0.71875 0.15625
278 D 28 2 19 7 0.0714285714285714 0.678571428571429 0.25
279 D 20 1 10 9 0.05 0.5 0.45
280 D 22 4 12 6 0.181818181818182 0.545454545454545 0.272727272727273
281 D 42 7 27 8 0.166666666666667 0.642857142857143 0.19047619047619
282 D 33 3 13 17 0.0909090909090909 0.393939393939394 0.515151515151515
283 D 14 1 7 6 0.0714285714285714 0.5 0.428571428571429
284 D 17 3 9 5 0.176470588235294 0.529411764705882 0.294117647058824
285 D 21 3 7 11 0.142857142857143 0.333333333333333 0.523809523809524
286 D 13 1 6 6 0.0769230769230769 0.461538461538462 0.461538461538462
287 D 7 0 5 2 0 0.714285714285714 0.285714285714286
288 D 7 1 4 2 0.142857142857143 0.571428571428571 0.285714285714286
289 D 16 1 6 9 0.0625 0.375 0.5625
290 D 22 1 8 13 0.0454545454545455 0.363636363636364 0.590909090909091
291 D 15 1 9 5 0.0666666666666667 0.6 0.333333333333333
292 D 24 0 15 9 0 0.625 0.375
293 D 41 3 18 20 0.0731707317073171 0.439024390243902 0.48780487804878
294 D 30 0 16 14 0 0.533333333333333 0.466666666666667
295 D 24 4 15 5 0.166666666666667 0.625 0.208333333333333
296 D 34 4 23 7 0.117647058823529 0.676470588235294 0.205882352941176
297 D 31 3 19 9 0.0967741935483871 0.612903225806452 0.290322580645161
298 D 43 0 25 18 0 0.581395348837209 0.418604651162791
299 D 51 1 27 23 0.0196078431372549 0.529411764705882 0.450980392156863
300 D 56 11 38 7 0.196428571428571 0.678571428571429 0.125
301 D 50 10 35 5 0.2 0.7 0.1
302 D 39 6 27 6 0.153846153846154 0.692307692307692 0.153846153846154
303 D 34 1 24 9 0.0294117647058824 0.705882352941177 0.264705882352941
304 D 43 2 25 16 0.0465116279069767 0.581395348837209 0.372093023255814
305 D 20 3 8 9 0.15 0.4 0.45
306 D 22 0 10 12 0 0.454545454545455 0.545454545454545
307 D 17 0 8 9 0 0.470588235294118 0.529411764705882
308 D 24 0 13 11 0 0.541666666666667 0.458333333333333
309 D 35 0 12 23 0 0.342857142857143 0.657142857142857
310 D 31 0 11 20 0 0.354838709677419 0.645161290322581
311 D 25 0 13 12 0 0.52 0.48
312 D 34 1 16 17 0.0294117647058824 0.470588235294118 0.5
313 D 33 1 12 20 0.0303030303030303 0.363636363636364 0.606060606060606
314 D 26 3 11 12 0.115384615384615 0.423076923076923 0.461538461538462
315 D 18 1 10 7 0.0555555555555556 0.555555555555556 0.388888888888889
316 D 26 1 15 10 0.0384615384615385 0.576923076923077 0.384615384615385
317 D 28 1 13 14 0.0357142857142857 0.464285714285714 0.5
318 D 18 0 9 9 0 0.5 0.5
319 D 10 0 6 4 0 0.6 0.4
320 D 10 0 4 6 0 0.4 0.6
321 D 12 0 6 6 0 0.5 0.5
322 D 6 1 5 0 0.166666666666667 0.833333333333333 0
323 D 6 1 5 0 0.166666666666667 0.833333333333333 0
324 D 3 2 1 0 0.666666666666667 0.333333333333333 0
325 D 12 2 8 2 0.166666666666667 0.666666666666667 0.166666666666667
326 D 10 2 4 4 0.2 0.4 0.4
327 D 22 3 9 10 0.136363636363636 0.409090909090909 0.454545454545455
328 D 20 6 11 3 0.3 0.55 0.15
329 D 29 3 11 15 0.103448275862069 0.379310344827586 0.517241379310345
330 D 20 0 11 9 0 0.55 0.45
331 D 29 0 17 12 0 0.586206896551724 0.413793103448276
332 D 19 4 15 0 0.210526315789474 0.789473684210526 0
333 D 5 1 4 0 0.2 0.8 0
334 D 15 8 6 1 0.533333333333333 0.4 0.0666666666666667
335 D 42 13 29 0 0.30952380952381 0.69047619047619 0
336 D 36 15 20 1 0.416666666666667 0.555555555555556 0.0277777777777778
337 D 37 15 20 2 0.405405405405405 0.540540540540541 0.0540540540540541
338 D 61 6 43 12 0.0983606557377049 0.704918032786885 0.19672131147541
339 D 56 3 31 22 0.0535714285714286 0.553571428571429 0.392857142857143
340 D 55 6 31 18 0.109090909090909 0.563636363636364 0.327272727272727
341 D 50 2 31 17 0.04 0.62 0.34
342 D 61 0 33 28 0 0.540983606557377 0.459016393442623
343 D 65 0 29 36 0 0.446153846153846 0.553846153846154
344 D 60 0 33 27 0 0.55 0.45
345 D 39 0 20 19 0 0.512820512820513 0.487179487179487
346 D 35 0 13 22 0 0.371428571428571 0.628571428571429
347 D 47 1 21 25 0.0212765957446809 0.446808510638298 0.531914893617021
348 D 31 1 20 10 0.032258064516129 0.645161290322581 0.32258064516129
349 D 17 0 6 11 0 0.352941176470588 0.647058823529412
350 D 9 1 5 3 0.111111111111111 0.555555555555556 0.333333333333333
351 D 7 1 4 2 0.142857142857143 0.571428571428571 0.285714285714286
352 D 13 1 5 7 0.0769230769230769 0.384615384615385 0.538461538461538
353 D 15 2 11 2 0.133333333333333 0.733333333333333 0.133333333333333
354 D 7 0 5 2 0 0.714285714285714 0.285714285714286
355 D 11 1 4 6 0.0909090909090909 0.363636363636364 0.545454545454545
356 D 19 0 9 10 0 0.473684210526316 0.526315789473684
357 D 23 1 6 16 0.0434782608695652 0.260869565217391 0.695652173913043
358 D 30 2 14 14 0.0666666666666667 0.466666666666667 0.466666666666667
359 D 20 4 11 5 0.2 0.55 0.25
360 D 13 6 6 1 0.461538461538462 0.461538461538462 0.0769230769230769
361 D 18 10 5 3 0.555555555555556 0.277777777777778 0.166666666666667
362 D 29 15 10 4 0.517241379310345 0.344827586206897 0.137931034482759
363 D 13 10 3 0 0.769230769230769 0.230769230769231 0
364 D 11 9 2 0 0.818181818181818 0.181818181818182 0
365 D 18 11 5 2 0.611111111111111 0.277777777777778 0.111111111111111
366 D 18 7 7 4 0.388888888888889 0.388888888888889 0.222222222222222
367 D 25 5 13 7 0.2 0.52 0.28
368 D 21 3 11 7 0.142857142857143 0.523809523809524 0.333333333333333
369 D 23 4 11 8 0.173913043478261 0.478260869565217 0.347826086956522
370 D 31 2 11 18 0.0645161290322581 0.354838709677419 0.580645161290323
371 D 23 1 12 10 0.0434782608695652 0.521739130434783 0.434782608695652
372 D 10 1 6 3 0.1 0.6 0.3
373 D 9 3 4 2 0.333333333333333 0.444444444444444 0.222222222222222
374 D 9 2 2 5 0.222222222222222 0.222222222222222 0.555555555555556
375 D 6 2 1 3 0.333333333333333 0.166666666666667 0.5
1 E 10 6 4 0 0.6 0.4 0
2 E 5 3 2 0 0.6 0.4 0
3 E 5 3 2 0 0.6 0.4 0
4 E 8 3 5 0 0.375 0.625 0
5 E 19 4 14 1 0.210526315789474 0.736842105263158 0.0526315789473684
6 E 25 2 19 4 0.08 0.76 0.16
7 E 52 1 33 18 0.0192307692307692 0.634615384615385 0.346153846153846
8 E 47 0 23 24 0 0.48936170212766 0.51063829787234
9 E 49 2 15 32 0.0408163265306122 0.306122448979592 0.653061224489796
10 E 40 2 14 24 0.05 0.35 0.6
11 E 44 5 24 15 0.113636363636364 0.545454545454545 0.340909090909091
12 E 33 5 21 7 0.151515151515152 0.636363636363636 0.212121212121212
13 E 33 3 23 7 0.0909090909090909 0.696969696969697 0.212121212121212
14 E 46 0 35 11 0 0.760869565217391 0.239130434782609
15 E 33 3 24 6 0.0909090909090909 0.727272727272727 0.181818181818182
16 E 26 2 18 6 0.0769230769230769 0.692307692307692 0.230769230769231
17 E 38 2 21 15 0.0526315789473684 0.552631578947368 0.394736842105263
18 E 43 6 22 15 0.13953488372093 0.511627906976744 0.348837209302326
19 E 50 5 22 23 0.1 0.44 0.46
20 E 47 4 24 19 0.0851063829787234 0.51063829787234 0.404255319148936
21 E 42 0 27 15 0 0.642857142857143 0.357142857142857
22 E 49 0 34 15 0 0.693877551020408 0.306122448979592
23 E 42 0 27 15 0 0.642857142857143 0.357142857142857
24 E 19 2 14 3 0.105263157894737 0.736842105263158 0.157894736842105
25 E 9 4 2 3 0.444444444444444 0.222222222222222 0.333333333333333
26 E 16 7 5 4 0.4375 0.3125 0.25
27 E 32 7 18 7 0.21875 0.5625 0.21875
28 E 19 3 13 3 0.157894736842105 0.684210526315789 0.157894736842105
29 E 22 1 13 8 0.0454545454545455 0.590909090909091 0.363636363636364
30 E 21 1 7 13 0.0476190476190476 0.333333333333333 0.619047619047619
31 E 21 3 4 14 0.142857142857143 0.19047619047619 0.666666666666667
32 E 23 6 10 7 0.260869565217391 0.434782608695652 0.304347826086957
33 E 31 2 19 10 0.0645161290322581 0.612903225806452 0.32258064516129
34 E 37 1 16 20 0.027027027027027 0.432432432432432 0.540540540540541
35 E 38 5 13 20 0.131578947368421 0.342105263157895 0.526315789473684
36 E 33 2 19 12 0.0606060606060606 0.575757575757576 0.363636363636364
37 E 27 2 17 8 0.0740740740740741 0.62962962962963 0.296296296296296
38 E 42 3 21 18 0.0714285714285714 0.5 0.428571428571429
39 E 25 0 14 11 0 0.56 0.44
40 E 31 1 22 8 0.032258064516129 0.709677419354839 0.258064516129032
41 E 59 2 40 17 0.0338983050847458 0.677966101694915 0.288135593220339
42 E 75 2 43 30 0.0266666666666667 0.573333333333333 0.4
43 E 77 2 31 44 0.025974025974026 0.402597402597403 0.571428571428571
44 E 69 1 28 40 0.0144927536231884 0.405797101449275 0.579710144927536
45 E 82 4 38 40 0.0487804878048781 0.463414634146341 0.48780487804878
46 E 67 2 41 24 0.0298507462686567 0.611940298507463 0.358208955223881
47 E 59 0 36 23 0 0.610169491525424 0.389830508474576
48 E 57 0 40 17 0 0.701754385964912 0.298245614035088
49 E 47 1 31 15 0.0212765957446809 0.659574468085106 0.319148936170213
50 E 32 1 24 7 0.03125 0.75 0.21875
51 E 26 5 18 3 0.192307692307692 0.692307692307692 0.115384615384615
52 E 34 10 15 9 0.294117647058824 0.441176470588235 0.264705882352941
53 E 40 13 15 12 0.325 0.375 0.3
54 E 48 6 17 25 0.125 0.354166666666667 0.520833333333333
55 E 48 7 24 17 0.145833333333333 0.5 0.354166666666667
56 E 21 5 11 5 0.238095238095238 0.523809523809524 0.238095238095238
57 E 22 7 14 1 0.318181818181818 0.636363636363636 0.0454545454545455
58 E 43 10 22 11 0.232558139534884 0.511627906976744 0.255813953488372
59 E 33 5 19 9 0.151515151515152 0.575757575757576 0.272727272727273
60 E 14 3 8 3 0.214285714285714 0.571428571428571 0.214285714285714
61 E 25 7 10 8 0.28 0.4 0.32
62 E 41 6 18 17 0.146341463414634 0.439024390243902 0.414634146341463
63 E 46 4 26 16 0.0869565217391304 0.565217391304348 0.347826086956522
64 E 39 3 14 22 0.0769230769230769 0.358974358974359 0.564102564102564
65 E 42 2 17 23 0.0476190476190476 0.404761904761905 0.547619047619048
66 E 32 0 22 10 0 0.6875 0.3125
67 E 34 0 20 14 0 0.588235294117647 0.411764705882353
68 E 21 1 11 9 0.0476190476190476 0.523809523809524 0.428571428571429
69 E 21 3 13 5 0.142857142857143 0.619047619047619 0.238095238095238
70 E 38 8 23 7 0.210526315789474 0.605263157894737 0.184210526315789
71 E 35 3 20 12 0.0857142857142857 0.571428571428571 0.342857142857143
72 E 32 2 20 10 0.0625 0.625 0.3125
73 E 40 2 26 12 0.05 0.65 0.3
74 E 50 2 31 17 0.04 0.62 0.34
75 E 30 1 18 11 0.0333333333333333 0.6 0.366666666666667
76 E 25 4 12 9 0.16 0.48 0.36
77 E 13 2 9 2 0.153846153846154 0.692307692307692 0.153846153846154
78 E 23 9 11 3 0.391304347826087 0.478260869565217 0.130434782608696
79 E 21 7 11 3 0.333333333333333 0.523809523809524 0.142857142857143
80 E 13 8 4 1 0.615384615384615 0.307692307692308 0.0769230769230769
81 E 21 10 8 3 0.476190476190476 0.380952380952381 0.142857142857143
82 E 35 11 15 9 0.314285714285714 0.428571428571429 0.257142857142857
83 E 26 7 15 4 0.269230769230769 0.576923076923077 0.153846153846154
84 E 28 5 14 9 0.178571428571429 0.5 0.321428571428571
85 E 43 1 23 19 0.0232558139534884 0.534883720930233 0.441860465116279
86 E 25 2 20 3 0.08 0.8 0.12
87 E 29 4 22 3 0.137931034482759 0.758620689655172 0.103448275862069
88 E 38 10 17 11 0.263157894736842 0.447368421052632 0.289473684210526
89 E 35 3 20 12 0.0857142857142857 0.571428571428571 0.342857142857143
90 E 31 5 15 11 0.161290322580645 0.483870967741935 0.354838709677419
91 E 40 14 18 8 0.35 0.45 0.2
92 E 22 4 15 3 0.181818181818182 0.681818181818182 0.136363636363636
93 E 21 2 14 5 0.0952380952380952 0.666666666666667 0.238095238095238
94 E 20 1 9 10 0.05 0.45 0.5
95 E 16 2 7 7 0.125 0.4375 0.4375
96 E 18 1 8 9 0.0555555555555556 0.444444444444444 0.5
97 E 23 4 13 6 0.173913043478261 0.565217391304348 0.260869565217391
98 E 33 4 22 7 0.121212121212121 0.666666666666667 0.212121212121212
99 E 22 7 11 4 0.318181818181818 0.5 0.181818181818182
100 E 20 8 11 1 0.4 0.55 0.05
101 E 36 7 20 9 0.194444444444444 0.555555555555556 0.25
102 E 42 5 28 9 0.119047619047619 0.666666666666667 0.214285714285714
103 E 39 0 23 16 0 0.58974358974359 0.41025641025641
104 E 38 0 8 30 0 0.210526315789474 0.789473684210526
105 E 29 0 4 25 0 0.137931034482759 0.862068965517241
106 E 32 1 15 16 0.03125 0.46875 0.5
107 E 24 6 12 6 0.25 0.5 0.25
108 E 30 9 16 5 0.3 0.533333333333333 0.166666666666667
109 E 19 7 9 3 0.368421052631579 0.473684210526316 0.157894736842105
110 E 8 1 4 3 0.125 0.5 0.375
111 E 15 7 8 0 0.466666666666667 0.533333333333333 0
112 E 11 4 6 1 0.363636363636364 0.545454545454545 0.0909090909090909
113 E 17 3 13 1 0.176470588235294 0.764705882352941 0.0588235294117647
114 E 20 4 14 2 0.2 0.7 0.1
115 E 32 7 19 6 0.21875 0.59375 0.1875
116 E 35 1 23 11 0.0285714285714286 0.657142857142857 0.314285714285714
117 E 36 2 25 9 0.0555555555555556 0.694444444444444 0.25
118 E 22 2 16 4 0.0909090909090909 0.727272727272727 0.181818181818182
119 E 25 0 16 9 0 0.64 0.36
120 E 31 2 16 13 0.0645161290322581 0.516129032258065 0.419354838709677
121 E 25 5 16 4 0.2 0.64 0.16
122 E 24 1 17 6 0.0416666666666667 0.708333333333333 0.25
123 E 36 0 21 15 0 0.583333333333333 0.416666666666667
124 E 36 3 20 13 0.0833333333333333 0.555555555555556 0.361111111111111
125 E 19 4 11 4 0.210526315789474 0.578947368421053 0.210526315789474
126 E 14 1 9 4 0.0714285714285714 0.642857142857143 0.285714285714286
127 E 24 2 13 9 0.0833333333333333 0.541666666666667 0.375
128 E 23 3 11 9 0.130434782608696 0.478260869565217 0.391304347826087
129 E 41 4 18 19 0.0975609756097561 0.439024390243902 0.463414634146341
130 E 29 9 13 7 0.310344827586207 0.448275862068966 0.241379310344828
131 E 32 3 16 13 0.09375 0.5 0.40625
132 E 41 1 14 26 0.024390243902439 0.341463414634146 0.634146341463415
133 E 24 0 3 21 0 0.125 0.875
134 E 24 0 2 22 0 0.0833333333333333 0.916666666666667
135 E 22 0 4 18 0 0.181818181818182 0.818181818181818
136 E 21 2 8 11 0.0952380952380952 0.380952380952381 0.523809523809524
137 E 34 4 19 11 0.117647058823529 0.558823529411765 0.323529411764706
138 E 46 3 21 22 0.0652173913043478 0.456521739130435 0.478260869565217
139 E 30 0 5 25 0 0.166666666666667 0.833333333333333
140 E 45 0 18 27 0 0.4 0.6
141 E 63 2 40 21 0.0317460317460317 0.634920634920635 0.333333333333333
142 E 39 0 16 23 0 0.41025641025641 0.58974358974359
143 E 26 0 12 14 0 0.461538461538462 0.538461538461538
144 E 32 0 22 10 0 0.6875 0.3125
145 E 21 2 13 6 0.0952380952380952 0.619047619047619 0.285714285714286
146 E 30 1 16 13 0.0333333333333333 0.533333333333333 0.433333333333333
147 E 12 0 7 5 0 0.583333333333333 0.416666666666667
148 E 19 0 11 8 0 0.578947368421053 0.421052631578947
149 E 34 0 22 12 0 0.647058823529412 0.352941176470588
150 E 46 3 22 21 0.0652173913043478 0.478260869565217 0.456521739130435
151 E 40 3 13 24 0.075 0.325 0.6
152 E 43 0 18 25 0 0.418604651162791 0.581395348837209
153 E 37 3 19 15 0.0810810810810811 0.513513513513513 0.405405405405405
154 E 52 9 35 8 0.173076923076923 0.673076923076923 0.153846153846154
155 E 49 1 39 9 0.0204081632653061 0.795918367346939 0.183673469387755
156 E 52 0 45 7 0 0.865384615384615 0.134615384615385
157 E 46 1 34 11 0.0217391304347826 0.739130434782609 0.239130434782609
158 E 56 2 36 18 0.0357142857142857 0.642857142857143 0.321428571428571
159 E 51 0 34 17 0 0.666666666666667 0.333333333333333
160 E 41 2 27 12 0.0487804878048781 0.658536585365854 0.292682926829268
161 E 39 5 24 10 0.128205128205128 0.615384615384615 0.256410256410256
162 E 38 4 20 14 0.105263157894737 0.526315789473684 0.368421052631579
163 E 37 3 15 19 0.0810810810810811 0.405405405405405 0.513513513513513
164 E 39 5 17 17 0.128205128205128 0.435897435897436 0.435897435897436
165 E 31 1 9 21 0.032258064516129 0.290322580645161 0.67741935483871
166 E 28 0 17 11 0 0.607142857142857 0.392857142857143
167 E 15 0 11 4 0 0.733333333333333 0.266666666666667
168 E 11 0 7 4 0 0.636363636363636 0.363636363636364
169 E 10 0 5 5 0 0.5 0.5
170 E 16 1 7 8 0.0625 0.4375 0.5
171 E 15 1 7 7 0.0666666666666667 0.466666666666667 0.466666666666667
172 E 12 1 4 7 0.0833333333333333 0.333333333333333 0.583333333333333
173 E 14 1 8 5 0.0714285714285714 0.571428571428571 0.357142857142857
174 E 26 2 18 6 0.0769230769230769 0.692307692307692 0.230769230769231
175 E 28 0 14 14 0 0.5 0.5
176 E 22 1 15 6 0.0454545454545455 0.681818181818182 0.272727272727273
177 E 20 0 12 8 0 0.6 0.4
178 E 31 3 16 12 0.0967741935483871 0.516129032258065 0.387096774193548
179 E 23 6 7 10 0.260869565217391 0.304347826086957 0.434782608695652
180 E 38 2 13 23 0.0526315789473684 0.342105263157895 0.605263157894737
181 E 54 1 30 23 0.0185185185185185 0.555555555555556 0.425925925925926
182 E 46 1 26 19 0.0217391304347826 0.565217391304348 0.41304347826087
183 E 34 1 15 18 0.0294117647058824 0.441176470588235 0.529411764705882
184 E 24 1 10 13 0.0416666666666667 0.416666666666667 0.541666666666667
185 E 35 0 14 21 0 0.4 0.6
186 E 37 1 9 27 0.027027027027027 0.243243243243243 0.72972972972973
187 E 20 0 7 13 0 0.35 0.65
188 E 20 0 5 15 0 0.25 0.75
189 E 27 0 3 24 0 0.111111111111111 0.888888888888889
190 E 25 0 3 22 0 0.12 0.88
191 E 15 0 6 9 0 0.4 0.6
192 E 18 0 6 12 0 0.333333333333333 0.666666666666667
193 E 27 0 12 15 0 0.444444444444444 0.555555555555556
194 E 32 4 19 9 0.125 0.59375 0.28125
195 E 25 0 17 8 0 0.68 0.32
196 E 24 3 14 7 0.125 0.583333333333333 0.291666666666667
197 E 20 6 12 2 0.3 0.6 0.1
198 E 16 2 9 5 0.125 0.5625 0.3125
199 E 13 3 8 2 0.230769230769231 0.615384615384615 0.153846153846154
200 E 20 1 8 11 0.05 0.4 0.55
201 E 17 1 10 6 0.0588235294117647 0.588235294117647 0.352941176470588
202 E 21 0 16 5 0 0.761904761904762 0.238095238095238
203 E 28 0 22 6 0 0.785714285714286 0.214285714285714
204 E 44 3 29 12 0.0681818181818182 0.659090909090909 0.272727272727273
205 E 40 3 19 18 0.075 0.475 0.45
206 E 34 0 14 20 0 0.411764705882353 0.588235294117647
207 E 23 2 10 11 0.0869565217391304 0.434782608695652 0.478260869565217
208 E 22 1 6 15 0.0454545454545455 0.272727272727273 0.681818181818182
209 E 32 0 2 30 0 0.0625 0.9375
210 E 28 2 7 19 0.0714285714285714 0.25 0.678571428571429
211 E 12 1 4 7 0.0833333333333333 0.333333333333333 0.583333333333333
212 E 27 1 6 20 0.037037037037037 0.222222222222222 0.740740740740741
213 E 27 3 8 16 0.111111111111111 0.296296296296296 0.592592592592593
214 E 16 1 5 10 0.0625 0.3125 0.625
215 E 12 0 4 8 0 0.333333333333333 0.666666666666667
216 E 24 0 7 17 0 0.291666666666667 0.708333333333333
217 E 32 2 9 21 0.0625 0.28125 0.65625
218 E 33 1 15 17 0.0303030303030303 0.454545454545455 0.515151515151515
219 E 41 1 19 21 0.024390243902439 0.463414634146341 0.51219512195122
220 E 32 4 15 13 0.125 0.46875 0.40625
221 E 20 1 11 8 0.05 0.55 0.4
222 E 18 9 8 1 0.5 0.444444444444444 0.0555555555555556
223 E 25 10 12 3 0.4 0.48 0.12
224 E 15 11 4 0 0.733333333333333 0.266666666666667 0
225 E 20 11 9 0 0.55 0.45 0
226 E 35 13 20 2 0.371428571428571 0.571428571428571 0.0571428571428571
227 E 28 10 14 4 0.357142857142857 0.5 0.142857142857143
228 E 15 4 9 2 0.266666666666667 0.6 0.133333333333333
229 E 24 5 15 4 0.208333333333333 0.625 0.166666666666667
230 E 32 4 22 6 0.125 0.6875 0.1875
231 E 18 1 14 3 0.0555555555555556 0.777777777777778 0.166666666666667
232 E 10 0 8 2 0 0.8 0.2
233 E 11 0 9 2 0 0.818181818181818 0.181818181818182
234 E 15 0 13 2 0 0.866666666666667 0.133333333333333
235 E 14 0 12 2 0 0.857142857142857 0.142857142857143
236 E 21 0 12 9 0 0.571428571428571 0.428571428571429
237 E 25 0 20 5 0 0.8 0.2
238 E 13 0 7 6 0 0.538461538461538 0.461538461538462
239 E 16 0 5 11 0 0.3125 0.6875
240 E 21 0 4 17 0 0.19047619047619 0.80952380952381
241 E 14 0 6 8 0 0.428571428571429 0.571428571428571
242 E 21 1 11 9 0.0476190476190476 0.523809523809524 0.428571428571429
243 E 18 4 14 0 0.222222222222222 0.777777777777778 0
244 E 26 5 20 1 0.192307692307692 0.769230769230769 0.0384615384615385
245 E 25 5 18 2 0.2 0.72 0.08
246 E 17 4 10 3 0.235294117647059 0.588235294117647 0.176470588235294
247 E 20 1 7 12 0.05 0.35 0.6
248 E 19 0 4 15 0 0.210526315789474 0.789473684210526
249 E 19 0 7 12 0 0.368421052631579 0.631578947368421
250 E 31 0 15 16 0 0.483870967741935 0.516129032258065
251 E 29 0 22 7 0 0.758620689655172 0.241379310344828
252 E 29 1 22 6 0.0344827586206897 0.758620689655172 0.206896551724138
253 E 28 0 15 13 0 0.535714285714286 0.464285714285714
254 E 41 0 19 22 0 0.463414634146341 0.536585365853659
255 E 42 1 18 23 0.0238095238095238 0.428571428571429 0.547619047619048
256 E 30 1 16 13 0.0333333333333333 0.533333333333333 0.433333333333333
257 E 30 1 13 16 0.0333333333333333 0.433333333333333 0.533333333333333
258 E 30 1 19 10 0.0333333333333333 0.633333333333333 0.333333333333333
259 E 32 3 23 6 0.09375 0.71875 0.1875
260 E 37 3 20 14 0.0810810810810811 0.540540540540541 0.378378378378378
261 E 33 1 10 22 0.0303030303030303 0.303030303030303 0.666666666666667
262 E 30 2 17 11 0.0666666666666667 0.566666666666667 0.366666666666667
263 E 29 5 19 5 0.172413793103448 0.655172413793103 0.172413793103448
264 E 43 4 27 12 0.0930232558139535 0.627906976744186 0.27906976744186
265 E 23 6 14 3 0.260869565217391 0.608695652173913 0.130434782608696
266 E 17 2 10 5 0.117647058823529 0.588235294117647 0.294117647058824
267 E 22 0 13 9 0 0.590909090909091 0.409090909090909
268 E 19 1 12 6 0.0526315789473684 0.631578947368421 0.315789473684211
269 E 18 2 13 3 0.111111111111111 0.722222222222222 0.166666666666667
270 E 17 6 10 1 0.352941176470588 0.588235294117647 0.0588235294117647
271 E 14 3 9 2 0.214285714285714 0.642857142857143 0.142857142857143
272 E 29 4 18 7 0.137931034482759 0.620689655172414 0.241379310344828
273 E 35 3 23 9 0.0857142857142857 0.657142857142857 0.257142857142857
274 E 32 0 15 17 0 0.46875 0.53125
275 E 36 0 26 10 0 0.722222222222222 0.277777777777778
276 E 24 3 19 2 0.125 0.791666666666667 0.0833333333333333
277 E 34 5 25 4 0.147058823529412 0.735294117647059 0.117647058823529
278 E 31 2 20 9 0.0645161290322581 0.645161290322581 0.290322580645161
279 E 23 0 13 10 0 0.565217391304348 0.434782608695652
280 E 20 3 12 5 0.15 0.6 0.25
281 E 43 6 27 10 0.13953488372093 0.627906976744186 0.232558139534884
282 E 32 2 13 17 0.0625 0.40625 0.53125
283 E 14 1 6 7 0.0714285714285714 0.428571428571429 0.5
284 E 16 2 8 6 0.125 0.5 0.375
285 E 23 1 9 13 0.0434782608695652 0.391304347826087 0.565217391304348
286 E 14 1 6 7 0.0714285714285714 0.428571428571429 0.5
287 E 9 1 3 5 0.111111111111111 0.333333333333333 0.555555555555556
288 E 8 2 3 3 0.25 0.375 0.375
289 E 17 2 7 8 0.117647058823529 0.411764705882353 0.470588235294118
290 E 21 1 10 10 0.0476190476190476 0.476190476190476 0.476190476190476
291 E 15 0 11 4 0 0.733333333333333 0.266666666666667
292 E 24 0 16 8 0 0.666666666666667 0.333333333333333
293 E 44 3 22 19 0.0681818181818182 0.5 0.431818181818182
294 E 31 0 17 14 0 0.548387096774194 0.451612903225806
295 E 24 4 15 5 0.166666666666667 0.625 0.208333333333333
296 E 34 4 22 8 0.117647058823529 0.647058823529412 0.235294117647059
297 E 33 3 21 9 0.0909090909090909 0.636363636363636 0.272727272727273
298 E 42 0 24 18 0 0.571428571428571 0.428571428571429
299 E 53 1 30 22 0.0188679245283019 0.566037735849057 0.415094339622642
300 E 57 10 41 6 0.175438596491228 0.719298245614035 0.105263157894737
301 E 51 9 36 6 0.176470588235294 0.705882352941177 0.117647058823529
302 E 35 5 25 5 0.142857142857143 0.714285714285714 0.142857142857143
303 E 35 0 26 9 0 0.742857142857143 0.257142857142857
304 E 44 1 29 14 0.0227272727272727 0.659090909090909 0.318181818181818
305 E 19 2 8 9 0.105263157894737 0.421052631578947 0.473684210526316
306 E 22 1 9 12 0.0454545454545455 0.409090909090909 0.545454545454545
307 E 18 1 6 11 0.0555555555555556 0.333333333333333 0.611111111111111
308 E 22 0 11 11 0 0.5 0.5
309 E 35 0 12 23 0 0.342857142857143 0.657142857142857
310 E 32 0 12 20 0 0.375 0.625
311 E 23 0 12 11 0 0.521739130434783 0.478260869565217
312 E 32 1 15 16 0.03125 0.46875 0.5
313 E 34 1 11 22 0.0294117647058824 0.323529411764706 0.647058823529412
314 E 28 3 11 14 0.107142857142857 0.392857142857143 0.5
315 E 19 1 10 8 0.0526315789473684 0.526315789473684 0.421052631578947
316 E 24 1 16 7 0.0416666666666667 0.666666666666667 0.291666666666667
317 E 32 1 15 16 0.03125 0.46875 0.5
318 E 18 0 9 9 0 0.5 0.5
319 E 11 0 7 4 0 0.636363636363636 0.363636363636364
320 E 9 0 4 5 0 0.444444444444444 0.555555555555556
321 E 14 0 5 9 0 0.357142857142857 0.642857142857143
322 E 7 1 4 2 0.142857142857143 0.571428571428571 0.285714285714286
323 E 5 1 3 1 0.2 0.6 0.2
324 E 3 2 1 0 0.666666666666667 0.333333333333333 0
325 E 13 2 8 3 0.153846153846154 0.615384615384615 0.230769230769231
326 E 11 2 5 4 0.181818181818182 0.454545454545455 0.363636363636364
327 E 23 3 9 11 0.130434782608696 0.391304347826087 0.478260869565217
328 E 20 6 10 4 0.3 0.5 0.2
329 E 30 3 12 15 0.1 0.4 0.5
330 E 19 0 11 8 0 0.578947368421053 0.421052631578947
331 E 30 1 16 13 0.0333333333333333 0.533333333333333 0.433333333333333
332 E 18 4 14 0 0.222222222222222 0.777777777777778 0
333 E 7 4 3 0 0.571428571428571 0.428571428571429 0
334 E 16 9 6 1 0.5625 0.375 0.0625
335 E 44 13 31 0 0.295454545454545 0.704545454545455 0
336 E 36 11 24 1 0.305555555555556 0.666666666666667 0.0277777777777778
337 E 31 9 19 3 0.290322580645161 0.612903225806452 0.0967741935483871
338 E 57 3 40 14 0.0526315789473684 0.701754385964912 0.245614035087719
339 E 51 2 29 20 0.0392156862745098 0.568627450980392 0.392156862745098
340 E 54 4 30 20 0.0740740740740741 0.555555555555556 0.37037037037037
341 E 51 2 30 19 0.0392156862745098 0.588235294117647 0.372549019607843
342 E 56 0 30 26 0 0.535714285714286 0.464285714285714
343 E 67 1 28 38 0.0149253731343284 0.417910447761194 0.567164179104478
344 E 66 1 32 33 0.0151515151515152 0.484848484848485 0.5
345 E 41 0 20 21 0 0.48780487804878 0.51219512195122
346 E 34 0 13 21 0 0.382352941176471 0.617647058823529
347 E 49 1 20 28 0.0204081632653061 0.408163265306122 0.571428571428571
348 E 33 1 19 13 0.0303030303030303 0.575757575757576 0.393939393939394
349 E 17 0 7 10 0 0.411764705882353 0.588235294117647
350 E 10 0 7 3 0 0.7 0.3
351 E 8 0 5 3 0 0.625 0.375
352 E 13 0 7 6 0 0.538461538461538 0.461538461538462
353 E 12 1 9 2 0.0833333333333333 0.75 0.166666666666667
354 E 7 0 5 2 0 0.714285714285714 0.285714285714286
355 E 11 0 5 6 0 0.454545454545455 0.545454545454545
356 E 19 0 9 10 0 0.473684210526316 0.526315789473684
357 E 22 1 7 14 0.0454545454545455 0.318181818181818 0.636363636363636
358 E 28 2 13 13 0.0714285714285714 0.464285714285714 0.464285714285714
359 E 19 3 11 5 0.157894736842105 0.578947368421053 0.263157894736842
360 E 13 6 6 1 0.461538461538462 0.461538461538462 0.0769230769230769
361 E 20 9 7 4 0.45 0.35 0.2
362 E 34 14 13 7 0.411764705882353 0.382352941176471 0.205882352941176
363 E 18 12 5 1 0.666666666666667 0.277777777777778 0.0555555555555556
364 E 11 7 3 1 0.636363636363636 0.272727272727273 0.0909090909090909
365 E 19 10 6 3 0.526315789473684 0.315789473684211 0.157894736842105
366 E 16 6 4 6 0.375 0.25 0.375
367 E 23 5 7 11 0.217391304347826 0.304347826086957 0.478260869565217
368 E 20 3 8 9 0.15 0.4 0.45
369 E 26 4 11 11 0.153846153846154 0.423076923076923 0.423076923076923
370 E 35 3 11 21 0.0857142857142857 0.314285714285714 0.6
371 E 24 1 10 13 0.0416666666666667 0.416666666666667 0.541666666666667
372 E 14 3 7 4 0.214285714285714 0.5 0.285714285714286
373 E 10 2 5 3 0.2 0.5 0.3
374 E 12 2 4 6 0.166666666666667 0.333333333333333 0.5
375 E 8 3 2 3 0.375 0.25 0.375
1 H 23 1 16 6 0.0434782608695652 0.695652173913043 0.260869565217391
2 H 32 0 14 18 0 0.4375 0.5625
3 H 50 0 30 20 0 0.6 0.4
4 H 45 0 11 34 0 0.244444444444444 0.755555555555556
5 H 47 0 23 24 0 0.48936170212766 0.51063829787234
6 H 51 0 30 21 0 0.588235294117647 0.411764705882353
7 H 63 0 46 17 0 0.73015873015873 0.26984126984127
8 H 53 1 43 9 0.0188679245283019 0.811320754716981 0.169811320754717
9 H 52 0 43 9 0 0.826923076923077 0.173076923076923
10 H 51 1 39 11 0.0196078431372549 0.764705882352941 0.215686274509804
11 H 43 0 25 18 0 0.581395348837209 0.418604651162791
12 H 43 0 29 14 0 0.674418604651163 0.325581395348837
13 H 30 1 24 5 0.0333333333333333 0.8 0.166666666666667
14 H 10 1 9 0 0.1 0.9 0
15 H 17 0 8 9 0 0.470588235294118 0.529411764705882
16 H 7 0 2 5 0 0.285714285714286 0.714285714285714
17 H 20 0 6 14 0 0.3 0.7
18 H 24 0 13 11 0 0.541666666666667 0.458333333333333
19 H 44 0 37 7 0 0.840909090909091 0.159090909090909
20 H 24 0 17 7 0 0.708333333333333 0.291666666666667
21 H 24 0 21 3 0 0.875 0.125
22 H 46 0 25 21 0 0.543478260869565 0.456521739130435
23 H 30 0 12 18 0 0.4 0.6
24 H 23 0 1 22 0 0.0434782608695652 0.956521739130435
25 H 44 0 6 38 0 0.136363636363636 0.863636363636364
26 H 28 0 8 20 0 0.285714285714286 0.714285714285714
27 H 36 6 16 14 0.166666666666667 0.444444444444444 0.388888888888889
28 H 34 10 19 5 0.294117647058824 0.558823529411765 0.147058823529412
29 H 36 21 15 0 0.583333333333333 0.416666666666667 0
30 H 26 11 15 0 0.423076923076923 0.576923076923077 0
31 H 13 6 7 0 0.461538461538462 0.538461538461538 0
32 H 8 1 7 0 0.125 0.875 0
33 H 15 5 9 1 0.333333333333333 0.6 0.0666666666666667
34 H 23 7 16 0 0.304347826086957 0.695652173913043 0
35 H 27 11 16 0 0.407407407407407 0.592592592592593 0
36 H 32 14 18 0 0.4375 0.5625 0
37 H 21 5 16 0 0.238095238095238 0.761904761904762 0
38 H 26 4 22 0 0.153846153846154 0.846153846153846 0
39 H 32 5 26 1 0.15625 0.8125 0.03125
40 H 17 3 13 1 0.176470588235294 0.764705882352941 0.0588235294117647
41 H 9 0 8 1 0 0.888888888888889 0.111111111111111
42 H 10 0 9 1 0 0.9 0.1
43 H 15 0 14 1 0 0.933333333333333 0.0666666666666667
44 H 6 0 6 0 0 1 0
45 H 4 1 3 0 0.25 0.75 0
46 H 8 2 6 0 0.25 0.75 0
47 H 9 3 6 0 0.333333333333333 0.666666666666667 0
48 H 4 1 3 0 0.25 0.75 0
49 H 3 0 2 1 0 0.666666666666667 0.333333333333333
50 H 3 0 2 1 0 0.666666666666667 0.333333333333333
51 H 5 0 3 2 0 0.6 0.4
52 H 8 0 6 2 0 0.75 0.25
53 H 14 0 6 8 0 0.428571428571429 0.571428571428571
54 H 14 0 8 6 0 0.571428571428571 0.428571428571429
55 H 16 0 5 11 0 0.3125 0.6875
56 H 16 0 7 9 0 0.4375 0.5625
57 H 12 0 5 7 0 0.416666666666667 0.583333333333333
58 H 18 0 7 11 0 0.388888888888889 0.611111111111111
59 H 40 0 21 19 0 0.525 0.475
60 H 32 0 9 23 0 0.28125 0.71875
61 H 15 0 3 12 0 0.2 0.8
62 H 28 0 3 25 0 0.107142857142857 0.892857142857143
63 H 49 0 15 34 0 0.306122448979592 0.693877551020408
64 H 25 0 2 23 0 0.08 0.92
65 H 20 0 1 19 0 0.05 0.95
66 H 46 0 20 26 0 0.434782608695652 0.565217391304348
67 H 35 0 14 21 0 0.4 0.6
68 H 15 0 6 9 0 0.4 0.6
69 H 28 0 16 12 0 0.571428571428571 0.428571428571429
70 H 47 0 34 13 0 0.723404255319149 0.276595744680851
71 H 26 0 21 5 0 0.807692307692308 0.192307692307692
72 H 15 0 14 1 0 0.933333333333333 0.0666666666666667
73 H 29 0 29 0 0 1 0
74 H 32 5 24 3 0.15625 0.75 0.09375
75 H 21 4 17 0 0.19047619047619 0.80952380952381 0
76 H 30 13 15 2 0.433333333333333 0.5 0.0666666666666667
77 H 34 6 23 5 0.176470588235294 0.676470588235294 0.147058823529412
78 H 15 2 13 0 0.133333333333333 0.866666666666667 0
79 H 28 11 14 3 0.392857142857143 0.5 0.107142857142857
80 H 35 9 22 4 0.257142857142857 0.628571428571429 0.114285714285714
81 H 15 1 13 1 0.0666666666666667 0.866666666666667 0.0666666666666667
82 H 13 4 7 2 0.307692307692308 0.538461538461538 0.153846153846154
83 H 13 1 12 0 0.0769230769230769 0.923076923076923 0
84 H 17 0 15 2 0 0.882352941176471 0.117647058823529
85 H 17 0 13 4 0 0.764705882352941 0.235294117647059
86 H 33 2 23 8 0.0606060606060606 0.696969696969697 0.242424242424242
87 H 37 5 23 9 0.135135135135135 0.621621621621622 0.243243243243243
88 H 37 10 17 10 0.27027027027027 0.459459459459459 0.27027027027027
89 H 29 3 13 13 0.103448275862069 0.448275862068966 0.448275862068966
90 H 43 1 24 18 0.0232558139534884 0.558139534883721 0.418604651162791
91 H 47 0 27 20 0 0.574468085106383 0.425531914893617
92 H 43 0 18 25 0 0.418604651162791 0.581395348837209
93 H 36 0 25 11 0 0.694444444444444 0.305555555555556
94 H 23 0 14 9 0 0.608695652173913 0.391304347826087
95 H 29 0 16 13 0 0.551724137931034 0.448275862068966
96 H 22 1 15 6 0.0454545454545455 0.681818181818182 0.272727272727273
97 H 22 4 17 1 0.181818181818182 0.772727272727273 0.0454545454545455
98 H 16 2 12 2 0.125 0.75 0.125
99 H 24 1 18 5 0.0416666666666667 0.75 0.208333333333333
100 H 37 3 23 11 0.0810810810810811 0.621621621621622 0.297297297297297
101 H 36 1 19 16 0.0277777777777778 0.527777777777778 0.444444444444444
102 H 33 1 18 14 0.0303030303030303 0.545454545454545 0.424242424242424
103 H 36 1 11 24 0.0277777777777778 0.305555555555556 0.666666666666667
104 H 40 7 15 18 0.175 0.375 0.45
105 H 53 5 23 25 0.0943396226415094 0.433962264150943 0.471698113207547
106 H 70 0 38 32 0 0.542857142857143 0.457142857142857
107 H 80 1 41 38 0.0125 0.5125 0.475
108 H 71 1 19 51 0.0140845070422535 0.267605633802817 0.71830985915493
109 H 84 2 31 51 0.0238095238095238 0.369047619047619 0.607142857142857
110 H 65 1 13 51 0.0153846153846154 0.2 0.784615384615385
111 H 79 1 29 49 0.0126582278481013 0.367088607594937 0.620253164556962
112 H 87 3 41 43 0.0344827586206897 0.471264367816092 0.494252873563218
113 H 79 5 51 23 0.0632911392405063 0.645569620253165 0.291139240506329
114 H 62 6 34 22 0.0967741935483871 0.548387096774194 0.354838709677419
115 H 42 1 28 13 0.0238095238095238 0.666666666666667 0.30952380952381
116 H 26 1 17 8 0.0384615384615385 0.653846153846154 0.307692307692308
117 H 25 0 17 8 0 0.68 0.32
118 H 20 0 17 3 0 0.85 0.15
119 H 14 1 12 1 0.0714285714285714 0.857142857142857 0.0714285714285714
120 H 23 2 21 0 0.0869565217391304 0.91304347826087 0
121 H 29 3 22 4 0.103448275862069 0.758620689655172 0.137931034482759
122 H 34 8 20 6 0.235294117647059 0.588235294117647 0.176470588235294
123 H 29 2 17 10 0.0689655172413793 0.586206896551724 0.344827586206897
124 H 47 3 29 15 0.0638297872340425 0.617021276595745 0.319148936170213
125 H 44 0 34 10 0 0.772727272727273 0.227272727272727
126 H 45 1 36 8 0.0222222222222222 0.8 0.177777777777778
127 H 43 1 34 8 0.0232558139534884 0.790697674418605 0.186046511627907
128 H 45 2 27 16 0.0444444444444444 0.6 0.355555555555556
129 H 49 1 33 15 0.0204081632653061 0.673469387755102 0.306122448979592
130 H 47 5 14 28 0.106382978723404 0.297872340425532 0.595744680851064
131 H 50 7 25 18 0.14 0.5 0.36
132 H 60 8 27 25 0.133333333333333 0.45 0.416666666666667
133 H 92 7 42 43 0.0760869565217391 0.456521739130435 0.467391304347826
134 H 76 2 27 47 0.0263157894736842 0.355263157894737 0.618421052631579
135 H 64 6 22 36 0.09375 0.34375 0.5625
136 H 74 9 37 28 0.121621621621622 0.5 0.378378378378378
137 H 52 4 33 15 0.0769230769230769 0.634615384615385 0.288461538461538
138 H 31 2 20 9 0.0645161290322581 0.645161290322581 0.290322580645161
139 H 47 4 33 10 0.0851063829787234 0.702127659574468 0.212765957446809
140 H 50 10 25 15 0.2 0.5 0.3
141 H 37 13 18 6 0.351351351351351 0.486486486486487 0.162162162162162
142 H 32 7 19 6 0.21875 0.59375 0.1875
143 H 19 1 14 4 0.0526315789473684 0.736842105263158 0.210526315789474
144 H 29 1 23 5 0.0344827586206897 0.793103448275862 0.172413793103448
145 H 19 1 16 2 0.0526315789473684 0.842105263157895 0.105263157894737
146 H 19 0 13 6 0 0.684210526315789 0.315789473684211
147 H 17 0 14 3 0 0.823529411764706 0.176470588235294
148 H 25 1 17 7 0.04 0.68 0.28
149 H 36 5 22 9 0.138888888888889 0.611111111111111 0.25
150 H 35 7 22 6 0.2 0.628571428571429 0.171428571428571
151 H 46 12 19 15 0.260869565217391 0.41304347826087 0.326086956521739
152 H 58 5 29 24 0.0862068965517241 0.5 0.413793103448276
153 H 65 4 31 30 0.0615384615384615 0.476923076923077 0.461538461538462
154 H 28 3 13 12 0.107142857142857 0.464285714285714 0.428571428571429
155 H 27 0 7 20 0 0.259259259259259 0.740740740740741
156 H 53 0 24 29 0 0.452830188679245 0.547169811320755
157 H 41 0 13 28 0 0.317073170731707 0.682926829268293
158 H 16 0 5 11 0 0.3125 0.6875
159 H 22 0 8 14 0 0.363636363636364 0.636363636363636
