#Residue Chain TotalDensity HighlyFrustratedDensity NeutrallyFrustratedDensity MinimallyFrustratedDensity relHighlyFrustratedDensity relNeutrallyFrustratedDensity relMinimallyFrustratedDensity
1 H 22 0 10 12 0 0.454545454545455 0.545454545454545
2 H 41 0 16 25 0 0.390243902439024 0.609756097560976
3 H 33 0 8 25 0 0.242424242424242 0.757575757575758
4 H 40 0 8 32 0 0.2 0.8
5 H 21 0 5 16 0 0.238095238095238 0.761904761904762
6 H 23 2 12 9 0.0869565217391304 0.521739130434783 0.391304347826087
7 H 22 6 13 3 0.272727272727273 0.590909090909091 0.136363636363636
8 H 22 4 11 7 0.181818181818182 0.5 0.318181818181818
9 H 40 3 13 24 0.075 0.325 0.6
10 H 41 0 7 34 0 0.170731707317073 0.829268292682927
11 H 46 0 9 37 0 0.195652173913043 0.804347826086957
12 H 40 0 16 24 0 0.4 0.6
13 H 31 1 20 10 0.032258064516129 0.645161290322581 0.32258064516129
14 H 14 2 9 3 0.142857142857143 0.642857142857143 0.214285714285714
15 H 14 1 4 9 0.0714285714285714 0.285714285714286 0.642857142857143
16 H 17 0 4 13 0 0.235294117647059 0.764705882352941
17 H 32 0 6 26 0 0.1875 0.8125
18 H 24 0 5 19 0 0.208333333333333 0.791666666666667
19 H 34 2 12 20 0.0588235294117647 0.352941176470588 0.588235294117647
20 H 26 1 9 16 0.0384615384615385 0.346153846153846 0.615384615384615
21 H 33 5 18 10 0.151515151515152 0.545454545454545 0.303030303030303
22 H 52 3 21 28 0.0576923076923077 0.403846153846154 0.538461538461538
23 H 42 0 16 26 0 0.380952380952381 0.619047619047619
24 H 41 0 14 27 0 0.341463414634146 0.658536585365854
25 H 39 0 19 20 0 0.487179487179487 0.512820512820513
26 H 18 1 14 3 0.0555555555555556 0.777777777777778 0.166666666666667
27 H 14 1 11 2 0.0714285714285714 0.785714285714286 0.142857142857143
28 H 6 1 5 0 0.166666666666667 0.833333333333333 0
29 H 5 1 4 0 0.2 0.8 0
30 H 10 2 8 0 0.2 0.8 0
31 H 7 2 5 0 0.285714285714286 0.714285714285714 0
32 H 7 1 6 0 0.142857142857143 0.857142857142857 0
33 H 13 3 10 0 0.230769230769231 0.769230769230769 0
34 H 15 4 11 0 0.266666666666667 0.733333333333333 0
35 H 15 3 12 0 0.2 0.8 0
36 H 14 3 11 0 0.214285714285714 0.785714285714286 0
37 H 17 3 13 1 0.176470588235294 0.764705882352941 0.0588235294117647
38 H 21 1 19 1 0.0476190476190476 0.904761904761905 0.0476190476190476
39 H 15 0 15 0 0 1 0
40 H 15 0 13 2 0 0.866666666666667 0.133333333333333
41 H 12 0 10 2 0 0.833333333333333 0.166666666666667
42 H 16 0 15 1 0 0.9375 0.0625
43 H 9 0 8 1 0 0.888888888888889 0.111111111111111
44 H 7 0 6 1 0 0.857142857142857 0.142857142857143
45 H 12 1 11 0 0.0833333333333333 0.916666666666667 0
46 H 24 2 18 4 0.0833333333333333 0.75 0.166666666666667
47 H 19 2 14 3 0.105263157894737 0.736842105263158 0.157894736842105
48 H 27 0 18 9 0 0.666666666666667 0.333333333333333
49 H 33 0 13 20 0 0.393939393939394 0.606060606060606
50 H 53 0 15 38 0 0.283018867924528 0.716981132075472
51 H 62 0 21 41 0 0.338709677419355 0.661290322580645
52 H 50 0 18 32 0 0.36 0.64
53 H 28 0 13 15 0 0.464285714285714 0.535714285714286
54 H 16 0 9 7 0 0.5625 0.4375
55 H 15 0 4 11 0 0.266666666666667 0.733333333333333
56 H 11 0 4 7 0 0.363636363636364 0.636363636363636
57 H 14 0 3 11 0 0.214285714285714 0.785714285714286
58 H 15 0 2 13 0 0.133333333333333 0.866666666666667
59 H 19 0 2 17 0 0.105263157894737 0.894736842105263
60 H 22 0 1 21 0 0.0454545454545455 0.954545454545455
61 H 18 0 0 18 0 0 1
62 H 16 0 0 16 0 0 1
63 H 21 0 0 21 0 0 1
64 H 18 0 0 18 0 0 1
65 H 19 0 0 19 0 0 1
66 H 29 0 0 29 0 0 1
67 H 26 0 0 26 0 0 1
68 H 18 0 1 17 0 0.0555555555555556 0.944444444444444
69 H 17 0 3 14 0 0.176470588235294 0.823529411764706
70 H 26 0 11 15 0 0.423076923076923 0.576923076923077
71 H 16 0 10 6 0 0.625 0.375
72 H 12 0 7 5 0 0.583333333333333 0.416666666666667
73 H 13 1 10 2 0.0769230769230769 0.769230769230769 0.153846153846154
74 H 18 1 11 6 0.0555555555555556 0.611111111111111 0.333333333333333
75 H 14 2 11 1 0.142857142857143 0.785714285714286 0.0714285714285714
76 H 17 4 11 2 0.235294117647059 0.647058823529412 0.117647058823529
77 H 30 4 16 10 0.133333333333333 0.533333333333333 0.333333333333333
78 H 14 2 9 3 0.142857142857143 0.642857142857143 0.214285714285714
79 H 13 7 6 0 0.538461538461538 0.461538461538462 0
80 H 19 8 10 1 0.421052631578947 0.526315789473684 0.0526315789473684
81 H 15 7 7 1 0.466666666666667 0.466666666666667 0.0666666666666667
82 H 7 5 2 0 0.714285714285714 0.285714285714286 0
83 H 10 5 5 0 0.5 0.5 0
84 H 13 3 8 2 0.230769230769231 0.615384615384615 0.153846153846154
85 H 18 2 10 6 0.111111111111111 0.555555555555556 0.333333333333333
86 H 30 0 14 16 0 0.466666666666667 0.533333333333333
87 H 28 0 19 9 0 0.678571428571429 0.321428571428571
88 H 32 1 21 10 0.03125 0.65625 0.3125
89 H 23 0 9 14 0 0.391304347826087 0.608695652173913
90 H 31 0 8 23 0 0.258064516129032 0.741935483870968
91 H 36 1 10 25 0.0277777777777778 0.277777777777778 0.694444444444444
92 H 31 1 11 19 0.032258064516129 0.354838709677419 0.612903225806452
93 H 23 4 13 6 0.173913043478261 0.565217391304348 0.260869565217391
94 H 17 1 8 8 0.0588235294117647 0.470588235294118 0.470588235294118
95 H 21 1 11 9 0.0476190476190476 0.523809523809524 0.428571428571429
96 H 24 0 12 12 0 0.5 0.5
97 H 22 0 17 5 0 0.772727272727273 0.227272727272727
98 H 18 0 13 5 0 0.722222222222222 0.277777777777778
99 H 19 0 12 7 0 0.631578947368421 0.368421052631579
100 H 20 0 7 13 0 0.35 0.65
101 H 34 0 11 23 0 0.323529411764706 0.676470588235294
102 H 27 1 11 15 0.037037037037037 0.407407407407407 0.555555555555556
103 H 29 0 13 16 0 0.448275862068966 0.551724137931034
104 H 24 0 11 13 0 0.458333333333333 0.541666666666667
105 H 15 0 10 5 0 0.666666666666667 0.333333333333333
106 H 18 0 3 15 0 0.166666666666667 0.833333333333333
107 H 17 2 3 12 0.117647058823529 0.176470588235294 0.705882352941177
108 H 13 0 1 12 0 0.0769230769230769 0.923076923076923
109 H 16 1 4 11 0.0625 0.25 0.6875
110 H 16 0 4 12 0 0.25 0.75
111 H 30 1 12 17 0.0333333333333333 0.4 0.566666666666667
112 H 25 1 10 14 0.04 0.4 0.56
113 H 37 1 19 17 0.027027027027027 0.513513513513513 0.459459459459459
114 H 17 0 6 11 0 0.352941176470588 0.647058823529412
115 H 11 0 5 6 0 0.454545454545455 0.545454545454545
116 H 9 0 3 6 0 0.333333333333333 0.666666666666667
117 H 18 0 12 6 0 0.666666666666667 0.333333333333333
118 H 11 1 9 1 0.0909090909090909 0.818181818181818 0.0909090909090909
119 H 12 3 8 1 0.25 0.666666666666667 0.0833333333333333
120 H 14 2 10 2 0.142857142857143 0.714285714285714 0.142857142857143
121 H 19 2 12 5 0.105263157894737 0.631578947368421 0.263157894736842
122 H 20 2 11 7 0.1 0.55 0.35
123 H 12 0 6 6 0 0.5 0.5
124 H 15 0 12 3 0 0.8 0.2
125 H 27 1 23 3 0.037037037037037 0.851851851851852 0.111111111111111
126 H 32 0 28 4 0 0.875 0.125
127 H 32 0 20 12 0 0.625 0.375
128 H 26 1 16 9 0.0384615384615385 0.615384615384615 0.346153846153846
129 H 29 0 11 18 0 0.379310344827586 0.620689655172414
130 H 22 0 9 13 0 0.409090909090909 0.590909090909091
131 H 32 0 11 21 0 0.34375 0.65625
132 H 39 1 16 22 0.0256410256410256 0.41025641025641 0.564102564102564
133 H 41 1 17 23 0.024390243902439 0.414634146341463 0.560975609756098
134 H 25 1 8 16 0.04 0.32 0.64
135 H 27 1 9 17 0.037037037037037 0.333333333333333 0.62962962962963
136 H 37 1 16 20 0.027027027027027 0.432432432432432 0.540540540540541
137 H 17 0 10 7 0 0.588235294117647 0.411764705882353
138 H 13 3 6 4 0.230769230769231 0.461538461538462 0.307692307692308
139 H 21 4 15 2 0.19047619047619 0.714285714285714 0.0952380952380952
140 H 20 4 11 5 0.2 0.55 0.25
141 H 15 6 6 3 0.4 0.4 0.2
142 H 7 3 4 0 0.428571428571429 0.571428571428571 0
143 H 13 2 8 3 0.153846153846154 0.615384615384615 0.230769230769231
144 H 9 0 8 1 0 0.888888888888889 0.111111111111111
145 H 10 0 9 1 0 0.9 0.1
146 H 17 0 17 0 0 1 0
147 H 14 3 11 0 0.214285714285714 0.785714285714286 0
148 H 13 4 8 1 0.307692307692308 0.615384615384615 0.0769230769230769
149 H 23 4 16 3 0.173913043478261 0.695652173913043 0.130434782608696
150 H 15 4 9 2 0.266666666666667 0.6 0.133333333333333
151 H 18 7 8 3 0.388888888888889 0.444444444444444 0.166666666666667
152 H 19 8 7 4 0.421052631578947 0.368421052631579 0.210526315789474
153 H 19 3 6 10 0.157894736842105 0.315789473684211 0.526315789473684
154 H 15 1 8 6 0.0666666666666667 0.533333333333333 0.4
155 H 17 4 8 5 0.235294117647059 0.470588235294118 0.294117647058824
156 H 26 3 13 10 0.115384615384615 0.5 0.384615384615385
157 H 23 0 13 10 0 0.565217391304348 0.434782608695652
158 H 31 0 11 20 0 0.354838709677419 0.645161290322581
159 H 33 0 14 19 0 0.424242424242424 0.575757575757576
