#Residue Chain TotalDensity HighlyFrustratedDensity NeutrallyFrustratedDensity MinimallyFrustratedDensity relHighlyFrustratedDensity relNeutrallyFrustratedDensity relMinimallyFrustratedDensity
1 H 22 0 3 19 0 0.136363636363636 0.863636363636364
2 H 41 0 6 35 0 0.146341463414634 0.853658536585366
3 H 33 0 7 26 0 0.212121212121212 0.787878787878788
4 H 40 0 11 29 0 0.275 0.725
5 H 21 0 5 16 0 0.238095238095238 0.761904761904762
6 H 23 0 7 16 0 0.304347826086957 0.695652173913043
7 H 22 0 11 11 0 0.5 0.5
8 H 22 1 11 10 0.0454545454545455 0.5 0.454545454545455
9 H 40 3 15 22 0.075 0.375 0.55
10 H 41 4 14 23 0.0975609756097561 0.341463414634146 0.560975609756098
11 H 46 1 10 35 0.0217391304347826 0.217391304347826 0.760869565217391
12 H 40 0 12 28 0 0.3 0.7
13 H 31 0 8 23 0 0.258064516129032 0.741935483870968
14 H 14 0 6 8 0 0.428571428571429 0.571428571428571
15 H 14 0 5 9 0 0.357142857142857 0.642857142857143
16 H 17 1 7 9 0.0588235294117647 0.411764705882353 0.529411764705882
17 H 32 4 14 14 0.125 0.4375 0.4375
18 H 24 4 8 12 0.166666666666667 0.333333333333333 0.5
19 H 34 4 15 15 0.117647058823529 0.441176470588235 0.441176470588235
20 H 26 1 10 15 0.0384615384615385 0.384615384615385 0.576923076923077
21 H 33 1 14 18 0.0303030303030303 0.424242424242424 0.545454545454545
22 H 52 0 11 41 0 0.211538461538462 0.788461538461538
23 H 42 0 8 34 0 0.19047619047619 0.80952380952381
24 H 41 0 5 36 0 0.121951219512195 0.878048780487805
25 H 39 0 5 34 0 0.128205128205128 0.871794871794872
26 H 18 1 4 13 0.0555555555555556 0.222222222222222 0.722222222222222
27 H 14 1 4 9 0.0714285714285714 0.285714285714286 0.642857142857143
28 H 6 2 4 0 0.333333333333333 0.666666666666667 0
29 H 5 3 2 0 0.6 0.4 0
30 H 10 7 3 0 0.7 0.3 0
31 H 7 6 1 0 0.857142857142857 0.142857142857143 0
32 H 7 6 1 0 0.857142857142857 0.142857142857143 0
33 H 13 8 5 0 0.615384615384615 0.384615384615385 0
34 H 15 10 5 0 0.666666666666667 0.333333333333333 0
35 H 15 9 6 0 0.6 0.4 0
36 H 14 10 4 0 0.714285714285714 0.285714285714286 0
37 H 17 12 5 0 0.705882352941177 0.294117647058824 0
38 H 21 17 4 0 0.80952380952381 0.19047619047619 0
39 H 15 13 2 0 0.866666666666667 0.133333333333333 0
40 H 15 12 3 0 0.8 0.2 0
41 H 12 8 4 0 0.666666666666667 0.333333333333333 0
42 H 16 12 4 0 0.75 0.25 0
43 H 9 7 2 0 0.777777777777778 0.222222222222222 0
44 H 7 4 3 0 0.571428571428571 0.428571428571429 0
45 H 12 3 7 2 0.25 0.583333333333333 0.166666666666667
46 H 24 2 15 7 0.0833333333333333 0.625 0.291666666666667
47 H 19 2 12 5 0.105263157894737 0.631578947368421 0.263157894736842
48 H 27 0 9 18 0 0.333333333333333 0.666666666666667
49 H 33 0 3 30 0 0.0909090909090909 0.909090909090909
50 H 53 0 5 48 0 0.0943396226415094 0.905660377358491
51 H 62 0 10 52 0 0.161290322580645 0.838709677419355
52 H 50 0 11 39 0 0.22 0.78
53 H 28 0 7 21 0 0.25 0.75
54 H 16 0 8 8 0 0.5 0.5
55 H 15 6 8 1 0.4 0.533333333333333 0.0666666666666667
56 H 11 7 4 0 0.636363636363636 0.363636363636364 0
57 H 14 11 3 0 0.785714285714286 0.214285714285714 0
58 H 15 10 5 0 0.666666666666667 0.333333333333333 0
59 H 19 10 9 0 0.526315789473684 0.473684210526316 0
60 H 22 10 12 0 0.454545454545455 0.545454545454545 0
61 H 18 10 8 0 0.555555555555556 0.444444444444444 0
62 H 16 6 9 1 0.375 0.5625 0.0625
63 H 21 4 15 2 0.19047619047619 0.714285714285714 0.0952380952380952
64 H 18 5 11 2 0.277777777777778 0.611111111111111 0.111111111111111
65 H 19 4 11 4 0.210526315789474 0.578947368421053 0.210526315789474
66 H 29 2 17 10 0.0689655172413793 0.586206896551724 0.344827586206897
67 H 26 2 17 7 0.0769230769230769 0.653846153846154 0.269230769230769
68 H 18 2 12 4 0.111111111111111 0.666666666666667 0.222222222222222
69 H 17 1 11 5 0.0588235294117647 0.647058823529412 0.294117647058824
70 H 26 0 16 10 0 0.615384615384615 0.384615384615385
71 H 16 2 12 2 0.125 0.75 0.125
72 H 12 1 10 1 0.0833333333333333 0.833333333333333 0.0833333333333333
73 H 13 1 10 2 0.0769230769230769 0.769230769230769 0.153846153846154
74 H 18 1 12 5 0.0555555555555556 0.666666666666667 0.277777777777778
75 H 14 4 9 1 0.285714285714286 0.642857142857143 0.0714285714285714
76 H 17 5 10 2 0.294117647058824 0.588235294117647 0.117647058823529
77 H 30 5 15 10 0.166666666666667 0.5 0.333333333333333
78 H 14 3 8 3 0.214285714285714 0.571428571428571 0.214285714285714
79 H 13 6 6 1 0.461538461538462 0.461538461538462 0.0769230769230769
80 H 19 5 11 3 0.263157894736842 0.578947368421053 0.157894736842105
81 H 15 6 8 1 0.4 0.533333333333333 0.0666666666666667
82 H 7 4 3 0 0.571428571428571 0.428571428571429 0
83 H 10 4 6 0 0.4 0.6 0
84 H 13 3 10 0 0.230769230769231 0.769230769230769 0
85 H 18 2 11 5 0.111111111111111 0.611111111111111 0.277777777777778
86 H 30 0 17 13 0 0.566666666666667 0.433333333333333
87 H 28 1 17 10 0.0357142857142857 0.607142857142857 0.357142857142857
88 H 32 6 18 8 0.1875 0.5625 0.25
89 H 23 4 11 8 0.173913043478261 0.478260869565217 0.347826086956522
90 H 31 3 17 11 0.0967741935483871 0.548387096774194 0.354838709677419
91 H 36 0 20 16 0 0.555555555555556 0.444444444444444
92 H 31 0 11 20 0 0.354838709677419 0.645161290322581
93 H 23 1 8 14 0.0434782608695652 0.347826086956522 0.608695652173913
94 H 17 0 10 7 0 0.588235294117647 0.411764705882353
95 H 21 1 17 3 0.0476190476190476 0.80952380952381 0.142857142857143
96 H 24 4 18 2 0.166666666666667 0.75 0.0833333333333333
97 H 22 3 17 2 0.136363636363636 0.772727272727273 0.0909090909090909
98 H 18 1 13 4 0.0555555555555556 0.722222222222222 0.222222222222222
99 H 19 0 12 7 0 0.631578947368421 0.368421052631579
100 H 20 0 11 9 0 0.55 0.45
101 H 34 0 15 19 0 0.441176470588235 0.558823529411765
102 H 27 1 13 13 0.037037037037037 0.481481481481481 0.481481481481481
103 H 29 0 12 17 0 0.413793103448276 0.586206896551724
104 H 24 0 7 17 0 0.291666666666667 0.708333333333333
105 H 15 0 9 6 0 0.6 0.4
106 H 18 0 8 10 0 0.444444444444444 0.555555555555556
107 H 17 0 3 14 0 0.176470588235294 0.823529411764706
108 H 13 0 3 10 0 0.230769230769231 0.769230769230769
109 H 16 0 0 16 0 0 1
110 H 16 0 1 15 0 0.0625 0.9375
111 H 30 0 12 18 0 0.4 0.6
112 H 25 0 13 12 0 0.52 0.48
113 H 37 0 24 13 0 0.648648648648649 0.351351351351351
114 H 17 0 13 4 0 0.764705882352941 0.235294117647059
115 H 11 0 9 2 0 0.818181818181818 0.181818181818182
116 H 9 0 6 3 0 0.666666666666667 0.333333333333333
117 H 18 0 6 12 0 0.333333333333333 0.666666666666667
118 H 11 0 2 9 0 0.181818181818182 0.818181818181818
119 H 12 1 1 10 0.0833333333333333 0.0833333333333333 0.833333333333333
120 H 14 0 2 12 0 0.142857142857143 0.857142857142857
121 H 19 0 3 16 0 0.157894736842105 0.842105263157895
122 H 20 0 4 16 0 0.2 0.8
123 H 12 0 0 12 0 0 1
124 H 15 0 2 13 0 0.133333333333333 0.866666666666667
125 H 27 0 7 20 0 0.259259259259259 0.740740740740741
126 H 32 1 12 19 0.03125 0.375 0.59375
127 H 32 3 9 20 0.09375 0.28125 0.625
128 H 26 3 10 13 0.115384615384615 0.384615384615385 0.5
129 H 29 2 9 18 0.0689655172413793 0.310344827586207 0.620689655172414
130 H 22 2 11 9 0.0909090909090909 0.5 0.409090909090909
131 H 32 1 16 15 0.03125 0.5 0.46875
132 H 39 0 21 18 0 0.538461538461538 0.461538461538462
133 H 41 0 21 20 0 0.51219512195122 0.48780487804878
134 H 25 0 8 17 0 0.32 0.68
135 H 27 0 18 9 0 0.666666666666667 0.333333333333333
136 H 37 1 23 13 0.027027027027027 0.621621621621622 0.351351351351351
137 H 17 1 11 5 0.0588235294117647 0.647058823529412 0.294117647058824
138 H 13 1 11 1 0.0769230769230769 0.846153846153846 0.0769230769230769
139 H 21 1 10 10 0.0476190476190476 0.476190476190476 0.476190476190476
140 H 20 1 10 9 0.05 0.5 0.45
141 H 15 1 10 4 0.0666666666666667 0.666666666666667 0.266666666666667
142 H 7 1 4 2 0.142857142857143 0.571428571428571 0.285714285714286
143 H 13 1 5 7 0.0769230769230769 0.384615384615385 0.538461538461538
144 H 9 2 5 2 0.222222222222222 0.555555555555556 0.222222222222222
145 H 10 1 5 4 0.1 0.5 0.4
146 H 17 1 11 5 0.0588235294117647 0.647058823529412 0.294117647058824
147 H 14 4 8 2 0.285714285714286 0.571428571428571 0.142857142857143
148 H 13 6 5 2 0.461538461538462 0.384615384615385 0.153846153846154
149 H 23 9 8 6 0.391304347826087 0.347826086956522 0.260869565217391
150 H 15 9 4 2 0.6 0.266666666666667 0.133333333333333
151 H 18 12 5 1 0.666666666666667 0.277777777777778 0.0555555555555556
152 H 19 10 8 1 0.526315789473684 0.421052631578947 0.0526315789473684
153 H 19 5 8 6 0.263157894736842 0.421052631578947 0.315789473684211
154 H 15 3 8 4 0.2 0.533333333333333 0.266666666666667
155 H 17 3 11 3 0.176470588235294 0.647058823529412 0.176470588235294
156 H 26 1 17 8 0.0384615384615385 0.653846153846154 0.307692307692308
157 H 23 0 11 12 0 0.478260869565217 0.521739130434783
158 H 31 0 3 28 0 0.0967741935483871 0.903225806451613
159 H 33 0 3 30 0 0.0909090909090909 0.909090909090909
