#Residue Chain TotalDensity HighlyFrustratedDensity NeutrallyFrustratedDensity MinimallyFrustratedDensity relHighlyFrustratedDensity relNeutrallyFrustratedDensity relMinimallyFrustratedDensity
1 C 9 2 6 1 0.222222222222222 0.666666666666667 0.111111111111111
2 C 6 3 3 0 0.5 0.5 0
3 C 5 3 2 0 0.6 0.4 0
4 C 7 3 4 0 0.428571428571429 0.571428571428571 0
5 C 20 2 17 1 0.1 0.85 0.05
6 C 27 0 21 6 0 0.777777777777778 0.222222222222222
7 C 48 2 31 15 0.0416666666666667 0.645833333333333 0.3125
8 C 46 2 27 17 0.0434782608695652 0.58695652173913 0.369565217391304
9 C 50 0 24 26 0 0.48 0.52
10 C 38 0 23 15 0 0.605263157894737 0.394736842105263
11 C 45 0 31 14 0 0.688888888888889 0.311111111111111
12 C 32 0 23 9 0 0.71875 0.28125
13 C 34 0 24 10 0 0.705882352941177 0.294117647058824
14 C 45 0 38 7 0 0.844444444444444 0.155555555555556
15 C 35 1 32 2 0.0285714285714286 0.914285714285714 0.0571428571428571
16 C 23 2 16 5 0.0869565217391304 0.695652173913043 0.217391304347826
17 C 37 1 23 13 0.027027027027027 0.621621621621622 0.351351351351351
18 C 43 3 26 14 0.0697674418604651 0.604651162790698 0.325581395348837
19 C 50 1 31 18 0.02 0.62 0.36
20 C 48 0 24 24 0 0.5 0.5
21 C 41 1 20 20 0.024390243902439 0.48780487804878 0.48780487804878
22 C 46 1 20 25 0.0217391304347826 0.434782608695652 0.543478260869565
23 C 39 0 21 18 0 0.538461538461538 0.461538461538462
24 C 20 1 9 10 0.05 0.45 0.5
25 C 9 2 6 1 0.222222222222222 0.666666666666667 0.111111111111111
26 C 17 1 13 3 0.0588235294117647 0.764705882352941 0.176470588235294
27 C 33 2 23 8 0.0606060606060606 0.696969696969697 0.242424242424242
28 C 21 0 14 7 0 0.666666666666667 0.333333333333333
29 C 22 2 15 5 0.0909090909090909 0.681818181818182 0.227272727272727
30 C 21 4 11 6 0.19047619047619 0.523809523809524 0.285714285714286
31 C 21 2 11 8 0.0952380952380952 0.523809523809524 0.380952380952381
32 C 24 2 18 4 0.0833333333333333 0.75 0.166666666666667
33 C 33 0 27 6 0 0.818181818181818 0.181818181818182
34 C 38 0 26 12 0 0.684210526315789 0.315789473684211
35 C 37 3 22 12 0.0810810810810811 0.594594594594595 0.324324324324324
36 C 31 0 22 9 0 0.709677419354839 0.290322580645161
37 C 20 0 11 9 0 0.55 0.45
38 C 20 0 11 9 0 0.55 0.45
39 C 10 0 6 4 0 0.6 0.4
40 C 6 0 5 1 0 0.833333333333333 0.166666666666667
41 C 6 1 4 1 0.166666666666667 0.666666666666667 0.166666666666667
42 C 8 5 3 0 0.625 0.375 0
43 C 4 3 1 0 0.75 0.25 0
44 C 11 8 3 0 0.727272727272727 0.272727272727273 0
45 C 13 9 4 0 0.692307692307692 0.307692307692308 0
46 C 10 7 3 0 0.7 0.3 0
47 C 11 7 4 0 0.636363636363636 0.363636363636364 0
48 C 15 10 5 0 0.666666666666667 0.333333333333333 0
49 C 12 8 4 0 0.666666666666667 0.333333333333333 0
50 C 7 3 4 0 0.428571428571429 0.571428571428571 0
51 C 12 2 6 4 0.166666666666667 0.5 0.333333333333333
52 C 30 5 17 8 0.166666666666667 0.566666666666667 0.266666666666667
53 C 36 3 23 10 0.0833333333333333 0.638888888888889 0.277777777777778
54 C 47 1 31 15 0.0212765957446809 0.659574468085106 0.319148936170213
55 C 47 1 34 12 0.0212765957446809 0.723404255319149 0.25531914893617
56 C 22 2 17 3 0.0909090909090909 0.772727272727273 0.136363636363636
57 C 21 4 12 5 0.19047619047619 0.571428571428571 0.238095238095238
58 C 47 6 27 14 0.127659574468085 0.574468085106383 0.297872340425532
59 C 34 3 22 9 0.0882352941176471 0.647058823529412 0.264705882352941
60 C 15 2 8 5 0.133333333333333 0.533333333333333 0.333333333333333
61 C 20 5 10 5 0.25 0.5 0.25
62 C 30 2 19 9 0.0666666666666667 0.633333333333333 0.3
63 C 21 1 15 5 0.0476190476190476 0.714285714285714 0.238095238095238
64 C 21 3 12 6 0.142857142857143 0.571428571428571 0.285714285714286
65 C 40 2 21 17 0.05 0.525 0.425
66 C 31 0 17 14 0 0.548387096774194 0.451612903225806
67 C 35 0 21 14 0 0.6 0.4
68 C 21 0 12 9 0 0.571428571428571 0.428571428571429
69 C 22 2 16 4 0.0909090909090909 0.727272727272727 0.181818181818182
70 C 36 6 23 7 0.166666666666667 0.638888888888889 0.194444444444444
71 C 36 2 28 6 0.0555555555555556 0.777777777777778 0.166666666666667
72 C 33 1 24 8 0.0303030303030303 0.727272727272727 0.242424242424242
73 C 42 0 30 12 0 0.714285714285714 0.285714285714286
74 C 51 1 40 10 0.0196078431372549 0.784313725490196 0.196078431372549
75 C 33 2 21 10 0.0606060606060606 0.636363636363636 0.303030303030303
76 C 29 2 17 10 0.0689655172413793 0.586206896551724 0.344827586206897
77 C 13 1 10 2 0.0769230769230769 0.769230769230769 0.153846153846154
78 C 19 6 11 2 0.315789473684211 0.578947368421053 0.105263157894737
79 C 26 8 12 6 0.307692307692308 0.461538461538462 0.230769230769231
80 C 12 3 7 2 0.25 0.583333333333333 0.166666666666667
81 C 19 6 9 4 0.315789473684211 0.473684210526316 0.210526315789474
82 C 34 8 15 11 0.235294117647059 0.441176470588235 0.323529411764706
83 C 25 6 12 7 0.24 0.48 0.28
84 C 24 7 11 6 0.291666666666667 0.458333333333333 0.25
85 C 42 7 23 12 0.166666666666667 0.547619047619048 0.285714285714286
86 C 25 9 13 3 0.36 0.52 0.12
87 C 20 11 6 3 0.55 0.3 0.15
88 C 26 11 12 3 0.423076923076923 0.461538461538462 0.115384615384615
89 C 33 9 16 8 0.272727272727273 0.484848484848485 0.242424242424242
90 C 30 9 17 4 0.3 0.566666666666667 0.133333333333333
91 C 19 12 5 2 0.631578947368421 0.263157894736842 0.105263157894737
92 C 11 6 3 2 0.545454545454545 0.272727272727273 0.181818181818182
93 C 21 4 11 6 0.19047619047619 0.523809523809524 0.285714285714286
94 C 24 3 13 8 0.125 0.541666666666667 0.333333333333333
95 C 15 6 6 3 0.4 0.4 0.2
96 C 22 4 15 3 0.181818181818182 0.681818181818182 0.136363636363636
97 C 19 5 12 2 0.263157894736842 0.631578947368421 0.105263157894737
98 C 29 3 20 6 0.103448275862069 0.689655172413793 0.206896551724138
99 C 20 4 10 6 0.2 0.5 0.3
100 C 20 4 13 3 0.2 0.65 0.15
101 C 37 3 29 5 0.0810810810810811 0.783783783783784 0.135135135135135
102 C 42 3 34 5 0.0714285714285714 0.80952380952381 0.119047619047619
103 C 40 2 28 10 0.05 0.7 0.25
104 C 38 0 16 22 0 0.421052631578947 0.578947368421053
105 C 31 0 13 18 0 0.419354838709677 0.580645161290323
106 C 30 0 23 7 0 0.766666666666667 0.233333333333333
107 C 26 0 19 7 0 0.730769230769231 0.269230769230769
108 C 29 1 23 5 0.0344827586206897 0.793103448275862 0.172413793103448
109 C 23 1 19 3 0.0434782608695652 0.826086956521739 0.130434782608696
110 C 16 0 10 6 0 0.625 0.375
111 C 27 1 19 7 0.037037037037037 0.703703703703704 0.259259259259259
112 C 31 2 16 13 0.0645161290322581 0.516129032258065 0.419354838709677
113 C 26 4 9 13 0.153846153846154 0.346153846153846 0.5
114 C 23 5 11 7 0.217391304347826 0.478260869565217 0.304347826086957
115 C 32 6 15 11 0.1875 0.46875 0.34375
116 C 34 1 18 15 0.0294117647058824 0.529411764705882 0.441176470588235
117 C 36 3 21 12 0.0833333333333333 0.583333333333333 0.333333333333333
118 C 24 5 12 7 0.208333333333333 0.5 0.291666666666667
119 C 25 2 11 12 0.08 0.44 0.48
120 C 31 0 18 13 0 0.580645161290323 0.419354838709677
121 C 23 1 16 6 0.0434782608695652 0.695652173913043 0.260869565217391
122 C 26 2 20 4 0.0769230769230769 0.769230769230769 0.153846153846154
123 C 36 3 20 13 0.0833333333333333 0.555555555555556 0.361111111111111
124 C 38 2 20 16 0.0526315789473684 0.526315789473684 0.421052631578947
125 C 21 3 14 4 0.142857142857143 0.666666666666667 0.19047619047619
126 C 14 1 12 1 0.0714285714285714 0.857142857142857 0.0714285714285714
127 C 24 1 16 7 0.0416666666666667 0.666666666666667 0.291666666666667
128 C 24 1 14 9 0.0416666666666667 0.583333333333333 0.375
129 C 36 1 19 16 0.0277777777777778 0.527777777777778 0.444444444444444
130 C 29 3 18 8 0.103448275862069 0.620689655172414 0.275862068965517
131 C 29 1 17 11 0.0344827586206897 0.586206896551724 0.379310344827586
132 C 37 0 16 21 0 0.432432432432432 0.567567567567568
133 C 22 0 3 19 0 0.136363636363636 0.863636363636364
134 C 25 0 9 16 0 0.36 0.64
135 C 24 0 13 11 0 0.541666666666667 0.458333333333333
136 C 23 1 13 9 0.0434782608695652 0.565217391304348 0.391304347826087
137 C 35 3 25 7 0.0857142857142857 0.714285714285714 0.2
138 C 45 4 28 13 0.0888888888888889 0.622222222222222 0.288888888888889
139 C 40 0 17 23 0 0.425 0.575
140 C 49 0 24 25 0 0.489795918367347 0.510204081632653
141 C 62 0 43 19 0 0.693548387096774 0.306451612903226
142 C 35 0 16 19 0 0.457142857142857 0.542857142857143
143 C 29 0 12 17 0 0.413793103448276 0.586206896551724
144 C 31 0 17 14 0 0.548387096774194 0.451612903225806
145 C 22 0 11 11 0 0.5 0.5
146 C 28 0 17 11 0 0.607142857142857 0.392857142857143
147 C 13 1 9 3 0.0769230769230769 0.692307692307692 0.230769230769231
148 C 19 1 18 0 0.0526315789473684 0.947368421052632 0
149 C 32 1 26 5 0.03125 0.8125 0.15625
150 C 43 0 32 11 0 0.744186046511628 0.255813953488372
151 C 37 1 21 15 0.027027027027027 0.567567567567568 0.405405405405405
152 C 39 2 22 15 0.0512820512820513 0.564102564102564 0.384615384615385
153 C 37 3 23 11 0.0810810810810811 0.621621621621622 0.297297297297297
154 C 54 3 44 7 0.0555555555555556 0.814814814814815 0.12962962962963
155 C 49 0 44 5 0 0.897959183673469 0.102040816326531
156 C 51 0 44 7 0 0.862745098039216 0.137254901960784
157 C 45 1 39 5 0.0222222222222222 0.866666666666667 0.111111111111111
158 C 54 1 42 11 0.0185185185185185 0.777777777777778 0.203703703703704
159 C 49 0 38 11 0 0.775510204081633 0.224489795918367
160 C 40 0 29 11 0 0.725 0.275
161 C 40 3 29 8 0.075 0.725 0.2
162 C 41 2 30 9 0.0487804878048781 0.731707317073171 0.219512195121951
163 C 39 2 28 9 0.0512820512820513 0.717948717948718 0.230769230769231
164 C 38 2 25 11 0.0526315789473684 0.657894736842105 0.289473684210526
165 C 34 1 15 18 0.0294117647058824 0.441176470588235 0.529411764705882
166 C 32 0 18 14 0 0.5625 0.4375
167 C 25 0 22 3 0 0.88 0.12
168 C 45 0 33 12 0 0.733333333333333 0.266666666666667
169 C 39 1 21 17 0.0256410256410256 0.538461538461538 0.435897435897436
170 C 28 0 14 14 0 0.5 0.5
171 C 25 1 12 12 0.04 0.48 0.48
172 C 16 0 10 6 0 0.625 0.375
173 C 19 0 11 8 0 0.578947368421053 0.421052631578947
174 C 26 1 21 4 0.0384615384615385 0.807692307692308 0.153846153846154
175 C 28 0 20 8 0 0.714285714285714 0.285714285714286
176 C 22 0 15 7 0 0.681818181818182 0.318181818181818
177 C 22 0 13 9 0 0.590909090909091 0.409090909090909
178 C 31 0 22 9 0 0.709677419354839 0.290322580645161
179 C 25 0 14 11 0 0.56 0.44
180 C 37 1 25 11 0.027027027027027 0.675675675675676 0.297297297297297
181 C 52 2 44 6 0.0384615384615385 0.846153846153846 0.115384615384615
182 C 44 2 37 5 0.0454545454545455 0.840909090909091 0.113636363636364
183 C 35 3 25 7 0.0857142857142857 0.714285714285714 0.2
184 C 24 3 19 2 0.125 0.791666666666667 0.0833333333333333
185 C 34 1 24 9 0.0294117647058824 0.705882352941177 0.264705882352941
186 C 37 1 22 14 0.027027027027027 0.594594594594595 0.378378378378378
187 C 19 2 11 6 0.105263157894737 0.578947368421053 0.315789473684211
188 C 20 1 10 9 0.05 0.5 0.45
189 C 25 1 8 16 0.04 0.32 0.64
190 C 26 4 9 13 0.153846153846154 0.346153846153846 0.5
191 C 14 3 5 6 0.214285714285714 0.357142857142857 0.428571428571429
192 C 16 2 9 5 0.125 0.5625 0.3125
193 C 27 5 16 6 0.185185185185185 0.592592592592593 0.222222222222222
194 C 17 6 9 2 0.352941176470588 0.529411764705882 0.117647058823529
195 C 11 3 7 1 0.272727272727273 0.636363636363636 0.0909090909090909
196 C 15 3 9 3 0.2 0.6 0.2
197 C 9 4 5 0 0.444444444444444 0.555555555555556 0
198 C 17 7 8 2 0.411764705882353 0.470588235294118 0.117647058823529
199 C 11 4 6 1 0.363636363636364 0.545454545454545 0.0909090909090909
200 C 19 5 12 2 0.263157894736842 0.631578947368421 0.105263157894737
201 C 13 6 7 0 0.461538461538462 0.538461538461538 0
202 C 14 3 11 0 0.214285714285714 0.785714285714286 0
203 C 26 1 18 7 0.0384615384615385 0.692307692307692 0.269230769230769
204 C 37 2 27 8 0.0540540540540541 0.72972972972973 0.216216216216216
205 C 31 5 21 5 0.161290322580645 0.67741935483871 0.161290322580645
206 C 35 3 19 13 0.0857142857142857 0.542857142857143 0.371428571428571
207 C 24 1 16 7 0.0416666666666667 0.666666666666667 0.291666666666667
208 C 18 1 13 4 0.0555555555555556 0.722222222222222 0.222222222222222
209 C 29 0 15 14 0 0.517241379310345 0.482758620689655
210 C 26 1 12 13 0.0384615384615385 0.461538461538462 0.5
211 C 13 2 6 5 0.153846153846154 0.461538461538462 0.384615384615385
212 C 26 2 9 15 0.0769230769230769 0.346153846153846 0.576923076923077
213 C 26 1 11 14 0.0384615384615385 0.423076923076923 0.538461538461538
214 C 16 2 8 6 0.125 0.5 0.375
215 C 14 1 7 6 0.0714285714285714 0.5 0.428571428571429
216 C 23 0 10 13 0 0.434782608695652 0.565217391304348
217 C 31 0 16 15 0 0.516129032258065 0.483870967741935
218 C 32 0 21 11 0 0.65625 0.34375
219 C 41 0 29 12 0 0.707317073170732 0.292682926829268
220 C 32 3 21 8 0.09375 0.65625 0.25
221 C 20 3 11 6 0.15 0.55 0.3
222 C 15 5 7 3 0.333333333333333 0.466666666666667 0.2
223 C 25 5 15 5 0.2 0.6 0.2
224 C 15 6 8 1 0.4 0.533333333333333 0.0666666666666667
225 C 17 6 11 0 0.352941176470588 0.647058823529412 0
226 C 34 4 21 9 0.117647058823529 0.617647058823529 0.264705882352941
227 C 28 1 20 7 0.0357142857142857 0.714285714285714 0.25
228 C 17 4 10 3 0.235294117647059 0.588235294117647 0.176470588235294
229 C 21 4 16 1 0.19047619047619 0.761904761904762 0.0476190476190476
230 C 35 2 26 7 0.0571428571428571 0.742857142857143 0.2
231 C 20 1 16 3 0.05 0.8 0.15
232 C 11 3 8 0 0.272727272727273 0.727272727272727 0
233 C 11 2 9 0 0.181818181818182 0.818181818181818 0
234 C 16 2 14 0 0.125 0.875 0
235 C 12 1 11 0 0.0833333333333333 0.916666666666667 0
236 C 20 1 11 8 0.05 0.55 0.4
237 C 29 2 21 6 0.0689655172413793 0.724137931034483 0.206896551724138
238 C 17 4 12 1 0.235294117647059 0.705882352941177 0.0588235294117647
239 C 18 4 13 1 0.222222222222222 0.722222222222222 0.0555555555555556
240 C 20 3 12 5 0.15 0.6 0.25
241 C 15 3 9 3 0.2 0.6 0.2
242 C 22 7 14 1 0.318181818181818 0.636363636363636 0.0454545454545455
243 C 9 4 5 0 0.444444444444444 0.555555555555556 0
244 C 9 5 4 0 0.555555555555556 0.444444444444444 0
245 C 8 5 3 0 0.625 0.375 0
246 C 12 5 7 0 0.416666666666667 0.583333333333333 0
247 C 16 5 9 2 0.3125 0.5625 0.125
248 C 18 1 11 6 0.0555555555555556 0.611111111111111 0.333333333333333
249 C 20 1 14 5 0.05 0.7 0.25
250 C 30 0 20 10 0 0.666666666666667 0.333333333333333
251 C 29 0 19 10 0 0.655172413793103 0.344827586206897
252 C 31 1 17 13 0.032258064516129 0.548387096774194 0.419354838709677
253 C 25 2 14 9 0.08 0.56 0.36
254 C 40 1 21 18 0.025 0.525 0.45
255 C 42 1 23 18 0.0238095238095238 0.547619047619048 0.428571428571429
256 C 31 2 17 12 0.0645161290322581 0.548387096774194 0.387096774193548
257 C 30 0 15 15 0 0.5 0.5
258 C 29 0 18 11 0 0.620689655172414 0.379310344827586
259 C 32 3 17 12 0.09375 0.53125 0.375
260 C 34 4 21 9 0.117647058823529 0.617647058823529 0.264705882352941
261 C 29 1 17 11 0.0344827586206897 0.586206896551724 0.379310344827586
262 C 28 3 19 6 0.107142857142857 0.678571428571429 0.214285714285714
263 C 32 8 20 4 0.25 0.625 0.125
264 C 42 12 22 8 0.285714285714286 0.523809523809524 0.19047619047619
265 C 24 8 12 4 0.333333333333333 0.5 0.166666666666667
266 C 16 3 10 3 0.1875 0.625 0.1875
267 C 20 3 13 4 0.15 0.65 0.2
268 C 17 4 8 5 0.235294117647059 0.470588235294118 0.294117647058824
269 C 18 6 8 4 0.333333333333333 0.444444444444444 0.222222222222222
270 C 21 6 9 6 0.285714285714286 0.428571428571429 0.285714285714286
271 C 22 3 14 5 0.136363636363636 0.636363636363636 0.227272727272727
272 C 28 3 23 2 0.107142857142857 0.821428571428571 0.0714285714285714
273 C 34 6 26 2 0.176470588235294 0.764705882352941 0.0588235294117647
274 C 32 2 21 9 0.0625 0.65625 0.28125
275 C 34 5 22 7 0.147058823529412 0.647058823529412 0.205882352941176
276 C 24 4 18 2 0.166666666666667 0.75 0.0833333333333333
277 C 36 2 31 3 0.0555555555555556 0.861111111111111 0.0833333333333333
278 C 31 0 23 8 0 0.741935483870968 0.258064516129032
279 C 25 2 16 7 0.08 0.64 0.28
280 C 21 2 15 4 0.0952380952380952 0.714285714285714 0.19047619047619
281 C 42 3 34 5 0.0714285714285714 0.80952380952381 0.119047619047619
282 C 32 2 20 10 0.0625 0.625 0.3125
283 C 17 2 8 7 0.117647058823529 0.470588235294118 0.411764705882353
284 C 16 1 11 4 0.0625 0.6875 0.25
285 C 24 0 10 14 0 0.416666666666667 0.583333333333333
286 C 30 1 16 13 0.0333333333333333 0.533333333333333 0.433333333333333
287 C 22 1 12 9 0.0454545454545455 0.545454545454545 0.409090909090909
288 C 32 5 16 11 0.15625 0.5 0.34375
289 C 25 2 11 12 0.08 0.44 0.48
290 C 31 1 12 18 0.032258064516129 0.387096774193548 0.580645161290323
291 C 24 0 12 12 0 0.5 0.5
292 C 25 1 18 6 0.04 0.72 0.24
293 C 44 0 26 18 0 0.590909090909091 0.409090909090909
294 C 34 1 21 12 0.0294117647058824 0.617647058823529 0.352941176470588
295 C 25 1 17 7 0.04 0.68 0.28
296 C 36 0 29 7 0 0.805555555555556 0.194444444444444
297 C 34 3 24 7 0.0882352941176471 0.705882352941177 0.205882352941176
298 C 40 1 23 16 0.025 0.575 0.4
299 C 47 0 25 22 0 0.531914893617021 0.468085106382979
300 C 59 0 50 9 0 0.847457627118644 0.152542372881356
301 C 49 0 45 4 0 0.918367346938776 0.0816326530612245
302 C 37 1 30 6 0.027027027027027 0.810810810810811 0.162162162162162
303 C 35 0 30 5 0 0.857142857142857 0.142857142857143
304 C 44 0 36 8 0 0.818181818181818 0.181818181818182
305 C 21 1 15 5 0.0476190476190476 0.714285714285714 0.238095238095238
306 C 21 1 13 7 0.0476190476190476 0.619047619047619 0.333333333333333
307 C 18 0 9 9 0 0.5 0.5
308 C 23 0 17 6 0 0.739130434782609 0.260869565217391
309 C 35 0 20 15 0 0.571428571428571 0.428571428571429
310 C 31 0 17 14 0 0.548387096774194 0.451612903225806
311 C 26 1 18 7 0.0384615384615385 0.692307692307692 0.269230769230769
312 C 33 3 21 9 0.0909090909090909 0.636363636363636 0.272727272727273
313 C 32 1 15 16 0.03125 0.46875 0.5
314 C 24 2 12 10 0.0833333333333333 0.5 0.416666666666667
315 C 19 4 10 5 0.210526315789474 0.526315789473684 0.263157894736842
316 C 26 4 16 6 0.153846153846154 0.615384615384615 0.230769230769231
317 C 34 2 21 11 0.0588235294117647 0.617647058823529 0.323529411764706
318 C 21 1 14 6 0.0476190476190476 0.666666666666667 0.285714285714286
319 C 13 1 11 1 0.0769230769230769 0.846153846153846 0.0769230769230769
320 C 11 0 8 3 0 0.727272727272727 0.272727272727273
321 C 19 0 13 6 0 0.684210526315789 0.315789473684211
322 C 13 0 11 2 0 0.846153846153846 0.153846153846154
323 C 6 0 6 0 0 1 0
324 C 5 0 4 1 0 0.8 0.2
325 C 16 1 9 6 0.0625 0.5625 0.375
326 C 11 0 3 8 0 0.272727272727273 0.727272727272727
327 C 23 1 10 12 0.0434782608695652 0.434782608695652 0.521739130434783
328 C 20 3 9 8 0.15 0.45 0.4
329 C 27 2 11 14 0.0740740740740741 0.407407407407407 0.518518518518518
330 C 19 1 8 10 0.0526315789473684 0.421052631578947 0.526315789473684
331 C 27 1 12 14 0.037037037037037 0.444444444444444 0.518518518518518
332 C 18 2 11 5 0.111111111111111 0.611111111111111 0.277777777777778
333 C 5 2 3 0 0.4 0.6 0
334 C 15 3 12 0 0.2 0.8 0
335 C 41 3 35 3 0.0731707317073171 0.853658536585366 0.0731707317073171
336 C 35 2 32 1 0.0571428571428571 0.914285714285714 0.0285714285714286
337 C 32 3 24 5 0.09375 0.75 0.15625
338 C 59 0 43 16 0 0.728813559322034 0.271186440677966
339 C 52 0 33 19 0 0.634615384615385 0.365384615384615
340 C 51 1 27 23 0.0196078431372549 0.529411764705882 0.450980392156863
341 C 49 1 27 21 0.0204081632653061 0.551020408163265 0.428571428571429
342 C 60 0 31 29 0 0.516666666666667 0.483333333333333
343 C 65 0 38 27 0 0.584615384615385 0.415384615384615
344 C 61 0 35 26 0 0.573770491803279 0.426229508196721
345 C 39 0 21 18 0 0.538461538461538 0.461538461538462
346 C 34 0 19 15 0 0.558823529411765 0.441176470588235
347 C 46 0 28 18 0 0.608695652173913 0.391304347826087
348 C 28 0 20 8 0 0.714285714285714 0.285714285714286
349 C 14 2 8 4 0.142857142857143 0.571428571428571 0.285714285714286
350 C 7 2 5 0 0.285714285714286 0.714285714285714 0
351 C 11 3 8 0 0.272727272727273 0.727272727272727 0
352 C 20 5 11 4 0.25 0.55 0.2
353 C 12 3 8 1 0.25 0.666666666666667 0.0833333333333333
354 C 5 3 2 0 0.6 0.4 0
355 C 13 4 4 5 0.307692307692308 0.307692307692308 0.384615384615385
356 C 19 2 7 10 0.105263157894737 0.368421052631579 0.526315789473684
357 C 21 1 7 13 0.0476190476190476 0.333333333333333 0.619047619047619
358 C 30 2 13 15 0.0666666666666667 0.433333333333333 0.5
359 C 21 3 10 8 0.142857142857143 0.476190476190476 0.380952380952381
360 C 12 5 5 2 0.416666666666667 0.416666666666667 0.166666666666667
361 C 15 8 6 1 0.533333333333333 0.4 0.0666666666666667
362 C 27 8 14 5 0.296296296296296 0.518518518518518 0.185185185185185
363 C 14 8 5 1 0.571428571428571 0.357142857142857 0.0714285714285714
364 C 9 6 3 0 0.666666666666667 0.333333333333333 0
365 C 13 6 7 0 0.461538461538462 0.538461538461538 0
366 C 15 3 12 0 0.2 0.8 0
367 C 25 1 20 4 0.04 0.8 0.16
368 C 24 4 17 3 0.166666666666667 0.708333333333333 0.125
369 C 23 6 16 1 0.260869565217391 0.695652173913043 0.0434782608695652
370 C 33 2 23 8 0.0606060606060606 0.696969696969697 0.242424242424242
371 C 25 1 19 5 0.04 0.76 0.2
372 C 11 3 7 1 0.272727272727273 0.636363636363636 0.0909090909090909
373 C 10 2 7 1 0.2 0.7 0.1
374 C 10 2 4 4 0.2 0.4 0.4
375 C 9 1 6 2 0.111111111111111 0.666666666666667 0.222222222222222
1 D 10 2 7 1 0.2 0.7 0.1
2 D 6 3 3 0 0.5 0.5 0
3 D 4 3 1 0 0.75 0.25 0
4 D 6 3 3 0 0.5 0.5 0
5 D 19 2 16 1 0.105263157894737 0.842105263157895 0.0526315789473684
6 D 28 0 23 5 0 0.821428571428571 0.178571428571429
7 D 47 2 30 15 0.0425531914893617 0.638297872340426 0.319148936170213
8 D 47 2 26 19 0.0425531914893617 0.553191489361702 0.404255319148936
9 D 47 0 24 23 0 0.51063829787234 0.48936170212766
10 D 38 0 24 14 0 0.631578947368421 0.368421052631579
11 D 46 0 32 14 0 0.695652173913043 0.304347826086957
12 D 34 1 23 10 0.0294117647058824 0.676470588235294 0.294117647058824
13 D 35 0 24 11 0 0.685714285714286 0.314285714285714
14 D 50 0 43 7 0 0.86 0.14
15 D 35 1 33 1 0.0285714285714286 0.942857142857143 0.0285714285714286
16 D 26 3 17 6 0.115384615384615 0.653846153846154 0.230769230769231
17 D 39 2 23 14 0.0512820512820513 0.58974358974359 0.358974358974359
18 D 44 4 26 14 0.0909090909090909 0.590909090909091 0.318181818181818
19 D 49 1 32 16 0.0204081632653061 0.653061224489796 0.326530612244898
20 D 49 0 27 22 0 0.551020408163265 0.448979591836735
21 D 42 1 20 21 0.0238095238095238 0.476190476190476 0.5
22 D 45 1 24 20 0.0222222222222222 0.533333333333333 0.444444444444444
23 D 39 0 26 13 0 0.666666666666667 0.333333333333333
24 D 22 1 12 9 0.0454545454545455 0.545454545454545 0.409090909090909
25 D 9 1 7 1 0.111111111111111 0.777777777777778 0.111111111111111
26 D 18 1 14 3 0.0555555555555556 0.777777777777778 0.166666666666667
27 D 36 2 25 9 0.0555555555555556 0.694444444444444 0.25
28 D 20 0 13 7 0 0.65 0.35
29 D 21 2 15 4 0.0952380952380952 0.714285714285714 0.19047619047619
30 D 20 4 11 5 0.2 0.55 0.25
31 D 20 3 10 7 0.15 0.5 0.35
32 D 25 2 19 4 0.08 0.76 0.16
33 D 33 0 27 6 0 0.818181818181818 0.181818181818182
34 D 38 0 27 11 0 0.710526315789474 0.289473684210526
35 D 36 3 21 12 0.0833333333333333 0.583333333333333 0.333333333333333
36 D 30 0 23 7 0 0.766666666666667 0.233333333333333
37 D 20 0 13 7 0 0.65 0.35
38 D 21 0 12 9 0 0.571428571428571 0.428571428571429
39 D 14 0 7 7 0 0.5 0.5
40 D 7 0 4 3 0 0.571428571428571 0.428571428571429
41 D 6 1 3 2 0.166666666666667 0.5 0.333333333333333
42 D 8 5 3 0 0.625 0.375 0
43 D 4 3 1 0 0.75 0.25 0
44 D 11 8 3 0 0.727272727272727 0.272727272727273 0
45 D 13 9 4 0 0.692307692307692 0.307692307692308 0
46 D 10 7 3 0 0.7 0.3 0
47 D 11 7 4 0 0.636363636363636 0.363636363636364 0
48 D 14 9 5 0 0.642857142857143 0.357142857142857 0
49 D 12 8 4 0 0.666666666666667 0.333333333333333 0
50 D 8 3 5 0 0.375 0.625 0
51 D 14 2 8 4 0.142857142857143 0.571428571428571 0.285714285714286
52 D 26 5 14 7 0.192307692307692 0.538461538461538 0.269230769230769
53 D 35 3 23 9 0.0857142857142857 0.657142857142857 0.257142857142857
54 D 46 1 29 16 0.0217391304347826 0.630434782608696 0.347826086956522
55 D 50 1 38 11 0.02 0.76 0.22
56 D 21 2 16 3 0.0952380952380952 0.761904761904762 0.142857142857143
57 D 19 3 11 5 0.157894736842105 0.578947368421053 0.263157894736842
58 D 45 5 28 12 0.111111111111111 0.622222222222222 0.266666666666667
59 D 35 1 26 8 0.0285714285714286 0.742857142857143 0.228571428571429
60 D 15 2 8 5 0.133333333333333 0.533333333333333 0.333333333333333
61 D 19 4 10 5 0.210526315789474 0.526315789473684 0.263157894736842
62 D 30 2 19 9 0.0666666666666667 0.633333333333333 0.3
63 D 19 0 15 4 0 0.789473684210526 0.210526315789474
64 D 21 2 13 6 0.0952380952380952 0.619047619047619 0.285714285714286
65 D 39 1 24 14 0.0256410256410256 0.615384615384615 0.358974358974359
66 D 33 0 20 13 0 0.606060606060606 0.393939393939394
67 D 37 0 23 14 0 0.621621621621622 0.378378378378378
68 D 21 0 12 9 0 0.571428571428571 0.428571428571429
69 D 20 2 13 5 0.1 0.65 0.25
70 D 36 5 22 9 0.138888888888889 0.611111111111111 0.25
71 D 33 2 24 7 0.0606060606060606 0.727272727272727 0.212121212121212
72 D 34 1 25 8 0.0294117647058824 0.735294117647059 0.235294117647059
73 D 40 0 27 13 0 0.675 0.325
74 D 49 1 38 10 0.0204081632653061 0.775510204081633 0.204081632653061
75 D 29 2 17 10 0.0689655172413793 0.586206896551724 0.344827586206897
76 D 26 2 13 11 0.0769230769230769 0.5 0.423076923076923
77 D 13 1 9 3 0.0769230769230769 0.692307692307692 0.230769230769231
78 D 21 4 13 4 0.19047619047619 0.619047619047619 0.19047619047619
79 D 24 7 11 6 0.291666666666667 0.458333333333333 0.25
80 D 12 2 6 4 0.166666666666667 0.5 0.333333333333333
81 D 20 5 10 5 0.25 0.5 0.25
82 D 33 6 15 12 0.181818181818182 0.454545454545455 0.363636363636364
83 D 27 6 11 10 0.222222222222222 0.407407407407407 0.37037037037037
84 D 27 5 14 8 0.185185185185185 0.518518518518518 0.296296296296296
85 D 44 5 26 13 0.113636363636364 0.590909090909091 0.295454545454545
86 D 27 9 12 6 0.333333333333333 0.444444444444444 0.222222222222222
87 D 21 8 9 4 0.380952380952381 0.428571428571429 0.19047619047619
88 D 28 6 17 5 0.214285714285714 0.607142857142857 0.178571428571429
89 D 34 7 18 9 0.205882352941176 0.529411764705882 0.264705882352941
90 D 30 9 17 4 0.3 0.566666666666667 0.133333333333333
91 D 20 10 8 2 0.5 0.4 0.1
92 D 15 7 6 2 0.466666666666667 0.4 0.133333333333333
93 D 23 3 13 7 0.130434782608696 0.565217391304348 0.304347826086957
94 D 25 3 14 8 0.12 0.56 0.32
95 D 13 4 7 2 0.307692307692308 0.538461538461538 0.153846153846154
96 D 21 5 14 2 0.238095238095238 0.666666666666667 0.0952380952380952
97 D 20 5 12 3 0.25 0.6 0.15
98 D 32 2 22 8 0.0625 0.6875 0.25
99 D 20 3 12 5 0.15 0.6 0.25
100 D 19 4 11 4 0.210526315789474 0.578947368421053 0.210526315789474
101 D 40 4 29 7 0.1 0.725 0.175
102 D 43 3 34 6 0.0697674418604651 0.790697674418605 0.13953488372093
103 D 42 2 26 14 0.0476190476190476 0.619047619047619 0.333333333333333
104 D 38 0 15 23 0 0.394736842105263 0.605263157894737
105 D 29 0 12 17 0 0.413793103448276 0.586206896551724
106 D 31 0 24 7 0 0.774193548387097 0.225806451612903
107 D 24 0 15 9 0 0.625 0.375
108 D 30 1 23 6 0.0333333333333333 0.766666666666667 0.2
109 D 21 1 17 3 0.0476190476190476 0.80952380952381 0.142857142857143
110 D 16 0 8 8 0 0.5 0.5
111 D 28 1 16 11 0.0357142857142857 0.571428571428571 0.392857142857143
112 D 30 2 15 13 0.0666666666666667 0.5 0.433333333333333
113 D 23 3 7 13 0.130434782608696 0.304347826086957 0.565217391304348
114 D 22 5 9 8 0.227272727272727 0.409090909090909 0.363636363636364
115 D 33 5 13 15 0.151515151515152 0.393939393939394 0.454545454545455
116 D 35 1 16 18 0.0285714285714286 0.457142857142857 0.514285714285714
117 D 34 1 20 13 0.0294117647058824 0.588235294117647 0.382352941176471
118 D 22 4 8 10 0.181818181818182 0.363636363636364 0.454545454545455
119 D 26 2 11 13 0.0769230769230769 0.423076923076923 0.5
120 D 29 0 15 14 0 0.517241379310345 0.482758620689655
121 D 23 1 16 6 0.0434782608695652 0.695652173913043 0.260869565217391
122 D 25 1 17 7 0.04 0.68 0.28
123 D 35 2 19 14 0.0571428571428571 0.542857142857143 0.4
124 D 37 1 21 15 0.027027027027027 0.567567567567568 0.405405405405405
125 D 20 3 14 3 0.15 0.7 0.15
126 D 13 0 12 1 0 0.923076923076923 0.0769230769230769
127 D 25 0 19 6 0 0.76 0.24
128 D 25 0 18 7 0 0.72 0.28
129 D 40 1 21 18 0.025 0.525 0.45
130 D 29 3 19 7 0.103448275862069 0.655172413793103 0.241379310344828
131 D 29 1 16 12 0.0344827586206897 0.551724137931034 0.413793103448276
132 D 37 0 15 22 0 0.405405405405405 0.594594594594595
133 D 23 0 3 20 0 0.130434782608696 0.869565217391304
134 D 25 0 9 16 0 0.36 0.64
135 D 23 0 13 10 0 0.565217391304348 0.434782608695652
136 D 23 2 12 9 0.0869565217391304 0.521739130434783 0.391304347826087
137 D 38 3 27 8 0.0789473684210526 0.710526315789474 0.210526315789474
138 D 47 4 30 13 0.0851063829787234 0.638297872340426 0.276595744680851
139 D 32 2 19 11 0.0625 0.59375 0.34375
140 D 48 0 25 23 0 0.520833333333333 0.479166666666667
141 D 59 0 38 21 0 0.644067796610169 0.355932203389831
142 D 36 0 17 19 0 0.472222222222222 0.527777777777778
143 D 26 0 12 14 0 0.461538461538462 0.538461538461538
144 D 33 0 15 18 0 0.454545454545455 0.545454545454545
145 D 22 0 11 11 0 0.5 0.5
146 D 24 0 13 11 0 0.541666666666667 0.458333333333333
147 D 13 1 7 5 0.0769230769230769 0.538461538461538 0.384615384615385
148 D 20 1 10 9 0.05 0.5 0.45
149 D 35 1 18 16 0.0285714285714286 0.514285714285714 0.457142857142857
150 D 47 0 28 19 0 0.595744680851064 0.404255319148936
151 D 39 1 20 18 0.0256410256410256 0.512820512820513 0.461538461538462
152 D 41 2 21 18 0.0487804878048781 0.51219512195122 0.439024390243902
153 D 39 2 24 13 0.0512820512820513 0.615384615384615 0.333333333333333
154 D 52 1 41 10 0.0192307692307692 0.788461538461538 0.192307692307692
155 D 50 0 40 10 0 0.8 0.2
156 D 55 0 46 9 0 0.836363636363636 0.163636363636364
157 D 52 1 45 6 0.0192307692307692 0.865384615384615 0.115384615384615
158 D 59 1 46 12 0.0169491525423729 0.779661016949153 0.203389830508475
159 D 49 0 36 13 0 0.73469387755102 0.26530612244898
160 D 39 0 26 13 0 0.666666666666667 0.333333333333333
161 D 41 2 29 10 0.0487804878048781 0.707317073170732 0.24390243902439
162 D 42 1 31 10 0.0238095238095238 0.738095238095238 0.238095238095238
163 D 38 2 29 7 0.0526315789473684 0.763157894736842 0.184210526315789
164 D 37 2 25 10 0.0540540540540541 0.675675675675676 0.27027027027027
165 D 33 1 17 15 0.0303030303030303 0.515151515151515 0.454545454545455
166 D 32 2 15 15 0.0625 0.46875 0.46875
167 D 18 1 9 8 0.0555555555555556 0.5 0.444444444444444
168 D 12 1 6 5 0.0833333333333333 0.5 0.416666666666667
169 D 12 1 8 3 0.0833333333333333 0.666666666666667 0.25
170 D 16 1 11 4 0.0625 0.6875 0.25
171 D 18 2 11 5 0.111111111111111 0.611111111111111 0.277777777777778
172 D 14 2 10 2 0.142857142857143 0.714285714285714 0.142857142857143
173 D 18 1 13 4 0.0555555555555556 0.722222222222222 0.222222222222222
174 D 23 1 19 3 0.0434782608695652 0.826086956521739 0.130434782608696
175 D 27 1 19 7 0.037037037037037 0.703703703703704 0.259259259259259
176 D 21 0 14 7 0 0.666666666666667 0.333333333333333
177 D 21 0 11 10 0 0.523809523809524 0.476190476190476
178 D 27 0 17 10 0 0.62962962962963 0.37037037037037
179 D 21 0 13 8 0 0.619047619047619 0.380952380952381
180 D 37 1 25 11 0.027027027027027 0.675675675675676 0.297297297297297
181 D 54 3 43 8 0.0555555555555556 0.796296296296296 0.148148148148148
182 D 44 3 35 6 0.0681818181818182 0.795454545454545 0.136363636363636
183 D 33 3 24 6 0.0909090909090909 0.727272727272727 0.181818181818182
184 D 21 4 15 2 0.19047619047619 0.714285714285714 0.0952380952380952
185 D 32 2 21 9 0.0625 0.65625 0.28125
186 D 33 1 20 12 0.0303030303030303 0.606060606060606 0.363636363636364
187 D 18 2 11 5 0.111111111111111 0.611111111111111 0.277777777777778
188 D 22 1 12 9 0.0454545454545455 0.545454545454545 0.409090909090909
189 D 27 1 10 16 0.037037037037037 0.37037037037037 0.592592592592593
190 D 25 2 9 14 0.08 0.36 0.56
191 D 15 1 6 8 0.0666666666666667 0.4 0.533333333333333
192 D 21 1 12 8 0.0476190476190476 0.571428571428571 0.380952380952381
193 D 27 3 15 9 0.111111111111111 0.555555555555556 0.333333333333333
194 D 31 2 20 9 0.0645161290322581 0.645161290322581 0.290322580645161
195 D 22 0 11 11 0 0.5 0.5
196 D 26 3 15 8 0.115384615384615 0.576923076923077 0.307692307692308
197 D 20 2 15 3 0.1 0.75 0.15
198 D 19 3 14 2 0.157894736842105 0.736842105263158 0.105263157894737
199 D 13 1 12 0 0.0769230769230769 0.923076923076923 0
200 D 19 3 12 4 0.157894736842105 0.631578947368421 0.210526315789474
201 D 16 3 12 1 0.1875 0.75 0.0625
202 D 20 1 14 5 0.05 0.7 0.25
203 D 27 0 16 11 0 0.592592592592593 0.407407407407407
204 D 36 1 24 11 0.0277777777777778 0.666666666666667 0.305555555555556
205 D 29 3 22 4 0.103448275862069 0.758620689655172 0.137931034482759
206 D 35 2 23 10 0.0571428571428571 0.657142857142857 0.285714285714286
207 D 22 1 14 7 0.0454545454545455 0.636363636363636 0.318181818181818
208 D 18 1 15 2 0.0555555555555556 0.833333333333333 0.111111111111111
209 D 29 0 18 11 0 0.620689655172414 0.379310344827586
210 D 24 0 14 10 0 0.583333333333333 0.416666666666667
211 D 14 1 8 5 0.0714285714285714 0.571428571428571 0.357142857142857
212 D 24 2 7 15 0.0833333333333333 0.291666666666667 0.625
213 D 29 1 12 16 0.0344827586206897 0.413793103448276 0.551724137931034
214 D 17 3 6 8 0.176470588235294 0.352941176470588 0.470588235294118
215 D 14 1 6 7 0.0714285714285714 0.428571428571429 0.5
216 D 27 1 12 14 0.037037037037037 0.444444444444444 0.518518518518518
217 D 34 0 15 19 0 0.441176470588235 0.558823529411765
218 D 33 0 19 14 0 0.575757575757576 0.424242424242424
219 D 39 0 23 16 0 0.58974358974359 0.41025641025641
220 D 31 4 16 11 0.129032258064516 0.516129032258065 0.354838709677419
221 D 19 2 11 6 0.105263157894737 0.578947368421053 0.315789473684211
222 D 17 5 8 4 0.294117647058824 0.470588235294118 0.235294117647059
223 D 28 7 11 10 0.25 0.392857142857143 0.357142857142857
224 D 12 6 5 1 0.5 0.416666666666667 0.0833333333333333
225 D 21 9 11 1 0.428571428571429 0.523809523809524 0.0476190476190476
226 D 33 6 20 7 0.181818181818182 0.606060606060606 0.212121212121212
227 D 27 2 18 7 0.0740740740740741 0.666666666666667 0.259259259259259
228 D 17 5 9 3 0.294117647058824 0.529411764705882 0.176470588235294
229 D 23 4 18 1 0.173913043478261 0.782608695652174 0.0434782608695652
230 D 37 2 28 7 0.0540540540540541 0.756756756756757 0.189189189189189
231 D 19 0 16 3 0 0.842105263157895 0.157894736842105
232 D 11 2 9 0 0.181818181818182 0.818181818181818 0
233 D 10 1 9 0 0.1 0.9 0
234 D 16 1 15 0 0.0625 0.9375 0
235 D 14 2 12 0 0.142857142857143 0.857142857142857 0
236 D 21 1 12 8 0.0476190476190476 0.571428571428571 0.380952380952381
237 D 28 2 20 6 0.0714285714285714 0.714285714285714 0.214285714285714
238 D 15 2 12 1 0.133333333333333 0.8 0.0666666666666667
239 D 15 3 11 1 0.2 0.733333333333333 0.0666666666666667
240 D 18 3 9 6 0.166666666666667 0.5 0.333333333333333
241 D 12 2 6 4 0.166666666666667 0.5 0.333333333333333
242 D 20 7 10 3 0.35 0.5 0.15
243 D 10 3 5 2 0.3 0.5 0.2
244 D 7 3 3 1 0.428571428571429 0.428571428571429 0.142857142857143
245 D 9 4 4 1 0.444444444444444 0.444444444444444 0.111111111111111
246 D 12 5 5 2 0.416666666666667 0.416666666666667 0.166666666666667
247 D 15 7 7 1 0.466666666666667 0.466666666666667 0.0666666666666667
248 D 19 3 10 6 0.157894736842105 0.526315789473684 0.315789473684211
249 D 19 2 11 6 0.105263157894737 0.578947368421053 0.315789473684211
250 D 30 0 19 11 0 0.633333333333333 0.366666666666667
251 D 29 0 19 10 0 0.655172413793103 0.344827586206897
252 D 34 1 22 11 0.0294117647058824 0.647058823529412 0.323529411764706
253 D 28 1 17 10 0.0357142857142857 0.607142857142857 0.357142857142857
254 D 41 1 22 18 0.024390243902439 0.536585365853659 0.439024390243902
255 D 44 2 22 20 0.0454545454545455 0.5 0.454545454545455
256 D 31 2 17 12 0.0645161290322581 0.548387096774194 0.387096774193548
257 D 31 0 16 15 0 0.516129032258065 0.483870967741935
258 D 29 0 18 11 0 0.620689655172414 0.379310344827586
259 D 34 3 18 13 0.0882352941176471 0.529411764705882 0.382352941176471
260 D 39 4 25 10 0.102564102564103 0.641025641025641 0.256410256410256
261 D 31 1 20 10 0.032258064516129 0.645161290322581 0.32258064516129
262 D 32 2 24 6 0.0625 0.75 0.1875
263 D 33 7 22 4 0.212121212121212 0.666666666666667 0.121212121212121
264 D 44 9 25 10 0.204545454545455 0.568181818181818 0.227272727272727
265 D 25 8 13 4 0.32 0.52 0.16
266 D 17 4 10 3 0.235294117647059 0.588235294117647 0.176470588235294
267 D 24 2 16 6 0.0833333333333333 0.666666666666667 0.25
268 D 22 3 10 9 0.136363636363636 0.454545454545455 0.409090909090909
269 D 23 5 10 8 0.217391304347826 0.434782608695652 0.347826086956522
270 D 21 3 10 8 0.142857142857143 0.476190476190476 0.380952380952381
271 D 20 1 13 6 0.05 0.65 0.3
272 D 25 2 18 5 0.08 0.72 0.2
273 D 33 4 27 2 0.121212121212121 0.818181818181818 0.0606060606060606
274 D 32 1 20 11 0.03125 0.625 0.34375
275 D 33 3 22 8 0.0909090909090909 0.666666666666667 0.242424242424242
276 D 21 2 17 2 0.0952380952380952 0.80952380952381 0.0952380952380952
277 D 32 2 27 3 0.0625 0.84375 0.09375
278 D 28 0 22 6 0 0.785714285714286 0.214285714285714
279 D 20 2 10 8 0.1 0.5 0.4
280 D 22 3 15 4 0.136363636363636 0.681818181818182 0.181818181818182
281 D 42 4 32 6 0.0952380952380952 0.761904761904762 0.142857142857143
282 D 33 6 16 11 0.181818181818182 0.484848484848485 0.333333333333333
283 D 14 3 9 2 0.214285714285714 0.642857142857143 0.142857142857143
284 D 17 2 14 1 0.117647058823529 0.823529411764706 0.0588235294117647
285 D 21 2 11 8 0.0952380952380952 0.523809523809524 0.380952380952381
286 D 13 3 4 6 0.230769230769231 0.307692307692308 0.461538461538462
287 D 7 2 1 4 0.285714285714286 0.142857142857143 0.571428571428571
288 D 7 2 1 4 0.285714285714286 0.142857142857143 0.571428571428571
289 D 16 4 3 9 0.25 0.1875 0.5625
290 D 22 3 9 10 0.136363636363636 0.409090909090909 0.454545454545455
291 D 15 0 13 2 0 0.866666666666667 0.133333333333333
292 D 24 2 16 6 0.0833333333333333 0.666666666666667 0.25
293 D 41 0 25 16 0 0.609756097560976 0.390243902439024
294 D 30 0 22 8 0 0.733333333333333 0.266666666666667
295 D 24 0 19 5 0 0.791666666666667 0.208333333333333
296 D 34 1 25 8 0.0294117647058824 0.735294117647059 0.235294117647059
297 D 31 3 20 8 0.0967741935483871 0.645161290322581 0.258064516129032
298 D 43 2 24 17 0.0465116279069767 0.558139534883721 0.395348837209302
299 D 51 0 29 22 0 0.568627450980392 0.431372549019608
300 D 56 2 46 8 0.0357142857142857 0.821428571428571 0.142857142857143
301 D 50 1 42 7 0.02 0.84 0.14
302 D 39 1 29 9 0.0256410256410256 0.743589743589744 0.230769230769231
303 D 34 0 26 8 0 0.764705882352941 0.235294117647059
304 D 43 0 33 10 0 0.767441860465116 0.232558139534884
305 D 20 1 13 6 0.05 0.65 0.3
306 D 22 1 12 9 0.0454545454545455 0.545454545454545 0.409090909090909
307 D 17 0 7 10 0 0.411764705882353 0.588235294117647
308 D 24 0 15 9 0 0.625 0.375
309 D 35 0 17 18 0 0.485714285714286 0.514285714285714
310 D 31 0 16 15 0 0.516129032258065 0.483870967741935
311 D 25 1 15 9 0.04 0.6 0.36
312 D 34 2 19 13 0.0588235294117647 0.558823529411765 0.382352941176471
313 D 33 1 17 15 0.0303030303030303 0.515151515151515 0.454545454545455
314 D 26 2 14 10 0.0769230769230769 0.538461538461538 0.384615384615385
315 D 18 3 10 5 0.166666666666667 0.555555555555556 0.277777777777778
316 D 26 4 17 5 0.153846153846154 0.653846153846154 0.192307692307692
317 D 28 2 17 9 0.0714285714285714 0.607142857142857 0.321428571428571
318 D 18 3 11 4 0.166666666666667 0.611111111111111 0.222222222222222
319 D 10 2 7 1 0.2 0.7 0.1
320 D 10 0 8 2 0 0.8 0.2
321 D 12 0 8 4 0 0.666666666666667 0.333333333333333
322 D 6 3 2 1 0.5 0.333333333333333 0.166666666666667
323 D 6 3 3 0 0.5 0.5 0
324 D 3 2 0 1 0.666666666666667 0 0.333333333333333
325 D 12 3 5 4 0.25 0.416666666666667 0.333333333333333
326 D 10 0 4 6 0 0.4 0.6
327 D 22 0 12 10 0 0.545454545454545 0.454545454545455
328 D 20 3 10 7 0.15 0.5 0.35
329 D 29 3 11 15 0.103448275862069 0.379310344827586 0.517241379310345
330 D 20 2 8 10 0.1 0.4 0.5
331 D 29 0 16 13 0 0.551724137931034 0.448275862068966
332 D 19 1 14 4 0.0526315789473684 0.736842105263158 0.210526315789474
333 D 5 1 4 0 0.2 0.8 0
334 D 15 2 13 0 0.133333333333333 0.866666666666667 0
335 D 42 3 36 3 0.0714285714285714 0.857142857142857 0.0714285714285714
336 D 36 3 31 2 0.0833333333333333 0.861111111111111 0.0555555555555556
337 D 37 4 28 5 0.108108108108108 0.756756756756757 0.135135135135135
338 D 61 0 41 20 0 0.672131147540984 0.327868852459016
339 D 56 0 35 21 0 0.625 0.375
340 D 55 1 29 25 0.0181818181818182 0.527272727272727 0.454545454545455
341 D 50 1 27 22 0.02 0.54 0.44
342 D 61 0 31 30 0 0.508196721311475 0.491803278688525
343 D 65 0 38 27 0 0.584615384615385 0.415384615384615
344 D 60 0 38 22 0 0.633333333333333 0.366666666666667
345 D 39 0 24 15 0 0.615384615384615 0.384615384615385
346 D 35 0 21 14 0 0.6 0.4
347 D 47 0 31 16 0 0.659574468085106 0.340425531914894
348 D 31 1 24 6 0.032258064516129 0.774193548387097 0.193548387096774
349 D 17 2 12 3 0.117647058823529 0.705882352941177 0.176470588235294
350 D 9 3 6 0 0.333333333333333 0.666666666666667 0
351 D 7 4 3 0 0.571428571428571 0.428571428571429 0
352 D 13 4 8 1 0.307692307692308 0.615384615384615 0.0769230769230769
353 D 15 5 9 1 0.333333333333333 0.6 0.0666666666666667
354 D 7 3 3 1 0.428571428571429 0.428571428571429 0.142857142857143
355 D 11 3 4 4 0.272727272727273 0.363636363636364 0.363636363636364
356 D 19 2 9 8 0.105263157894737 0.473684210526316 0.421052631578947
357 D 23 0 9 14 0 0.391304347826087 0.608695652173913
358 D 30 1 14 15 0.0333333333333333 0.466666666666667 0.5
359 D 20 2 10 8 0.1 0.5 0.4
360 D 13 6 5 2 0.461538461538462 0.384615384615385 0.153846153846154
361 D 18 10 7 1 0.555555555555556 0.388888888888889 0.0555555555555556
362 D 29 11 14 4 0.379310344827586 0.482758620689655 0.137931034482759
363 D 13 8 4 1 0.615384615384615 0.307692307692308 0.0769230769230769
364 D 11 9 2 0 0.818181818181818 0.181818181818182 0
365 D 18 11 7 0 0.611111111111111 0.388888888888889 0
366 D 18 7 11 0 0.388888888888889 0.611111111111111 0
367 D 25 3 18 4 0.12 0.72 0.16
368 D 21 6 14 1 0.285714285714286 0.666666666666667 0.0476190476190476
369 D 23 8 14 1 0.347826086956522 0.608695652173913 0.0434782608695652
370 D 31 2 20 9 0.0645161290322581 0.645161290322581 0.290322580645161
371 D 23 1 17 5 0.0434782608695652 0.739130434782609 0.217391304347826
372 D 10 3 6 1 0.3 0.6 0.1
373 D 9 2 7 0 0.222222222222222 0.777777777777778 0
374 D 9 2 3 4 0.222222222222222 0.333333333333333 0.444444444444444
375 D 6 3 2 1 0.5 0.333333333333333 0.166666666666667
1 E 10 2 7 1 0.2 0.7 0.1
2 E 5 1 4 0 0.2 0.8 0
3 E 5 2 3 0 0.4 0.6 0
4 E 8 2 6 0 0.25 0.75 0
5 E 19 1 17 1 0.0526315789473684 0.894736842105263 0.0526315789473684
6 E 25 0 19 6 0 0.76 0.24
7 E 52 2 34 16 0.0384615384615385 0.653846153846154 0.307692307692308
8 E 47 2 29 16 0.0425531914893617 0.617021276595745 0.340425531914894
9 E 49 0 25 24 0 0.510204081632653 0.489795918367347
10 E 40 0 27 13 0 0.675 0.325
11 E 44 0 32 12 0 0.727272727272727 0.272727272727273
12 E 33 1 24 8 0.0303030303030303 0.727272727272727 0.242424242424242
13 E 33 0 23 10 0 0.696969696969697 0.303030303030303
14 E 46 0 38 8 0 0.826086956521739 0.173913043478261
15 E 33 1 31 1 0.0303030303030303 0.939393939393939 0.0303030303030303
16 E 26 1 20 5 0.0384615384615385 0.769230769230769 0.192307692307692
17 E 38 1 23 14 0.0263157894736842 0.605263157894737 0.368421052631579
18 E 43 3 25 15 0.0697674418604651 0.581395348837209 0.348837209302326
19 E 50 1 30 19 0.02 0.6 0.38
20 E 47 0 24 23 0 0.51063829787234 0.48936170212766
21 E 42 1 20 21 0.0238095238095238 0.476190476190476 0.5
22 E 49 1 26 22 0.0204081632653061 0.530612244897959 0.448979591836735
23 E 42 0 26 16 0 0.619047619047619 0.380952380952381
24 E 19 1 10 8 0.0526315789473684 0.526315789473684 0.421052631578947
25 E 9 1 6 2 0.111111111111111 0.666666666666667 0.222222222222222
26 E 16 1 11 4 0.0625 0.6875 0.25
27 E 32 2 19 11 0.0625 0.59375 0.34375
28 E 19 0 11 8 0 0.578947368421053 0.421052631578947
29 E 22 2 15 5 0.0909090909090909 0.681818181818182 0.227272727272727
30 E 21 3 12 6 0.142857142857143 0.571428571428571 0.285714285714286
31 E 21 2 11 8 0.0952380952380952 0.523809523809524 0.380952380952381
32 E 23 1 18 4 0.0434782608695652 0.782608695652174 0.173913043478261
33 E 31 0 25 6 0 0.806451612903226 0.193548387096774
34 E 37 0 25 12 0 0.675675675675676 0.324324324324324
35 E 38 3 23 12 0.0789473684210526 0.605263157894737 0.315789473684211
36 E 32 0 24 8 0 0.75 0.25
37 E 19 0 12 7 0 0.631578947368421 0.368421052631579
38 E 24 0 14 10 0 0.583333333333333 0.416666666666667
39 E 15 0 8 7 0 0.533333333333333 0.466666666666667
40 E 16 1 10 5 0.0625 0.625 0.3125
41 E 17 1 9 7 0.0588235294117647 0.529411764705882 0.411764705882353
42 E 32 1 19 12 0.03125 0.59375 0.375
43 E 26 0 15 11 0 0.576923076923077 0.423076923076923
44 E 35 0 22 13 0 0.628571428571429 0.371428571428571
45 E 24 2 17 5 0.0833333333333333 0.708333333333333 0.208333333333333
46 E 15 2 12 1 0.133333333333333 0.8 0.0666666666666667
47 E 18 1 15 2 0.0555555555555556 0.833333333333333 0.111111111111111
48 E 26 2 22 2 0.0769230769230769 0.846153846153846 0.0769230769230769
49 E 15 3 12 0 0.2 0.8 0
50 E 7 2 4 1 0.285714285714286 0.571428571428571 0.142857142857143
51 E 12 2 5 5 0.166666666666667 0.416666666666667 0.416666666666667
52 E 28 4 15 9 0.142857142857143 0.535714285714286 0.321428571428571
53 E 37 3 24 10 0.0810810810810811 0.648648648648649 0.27027027027027
54 E 47 2 28 17 0.0425531914893617 0.595744680851064 0.361702127659574
55 E 48 2 34 12 0.0416666666666667 0.708333333333333 0.25
56 E 21 3 14 4 0.142857142857143 0.666666666666667 0.19047619047619
57 E 20 3 12 5 0.15 0.6 0.25
58 E 43 5 25 13 0.116279069767442 0.581395348837209 0.302325581395349
59 E 33 1 25 7 0.0303030303030303 0.757575757575758 0.212121212121212
60 E 14 2 8 4 0.142857142857143 0.571428571428571 0.285714285714286
61 E 25 4 15 6 0.16 0.6 0.24
62 E 41 1 27 13 0.024390243902439 0.658536585365854 0.317073170731707
63 E 46 2 28 16 0.0434782608695652 0.608695652173913 0.347826086956522
64 E 37 3 19 15 0.0810810810810811 0.513513513513513 0.405405405405405
65 E 38 2 21 15 0.0526315789473684 0.552631578947368 0.394736842105263
66 E 31 0 19 12 0 0.612903225806452 0.387096774193548
67 E 34 0 23 11 0 0.676470588235294 0.323529411764706
68 E 21 0 13 8 0 0.619047619047619 0.380952380952381
69 E 21 2 13 6 0.0952380952380952 0.619047619047619 0.285714285714286
70 E 38 5 25 8 0.131578947368421 0.657894736842105 0.210526315789474
71 E 35 4 27 4 0.114285714285714 0.771428571428571 0.114285714285714
72 E 32 2 24 6 0.0625 0.75 0.1875
73 E 40 1 32 7 0.025 0.8 0.175
74 E 50 1 39 10 0.02 0.78 0.2
75 E 30 3 19 8 0.1 0.633333333333333 0.266666666666667
76 E 25 3 13 9 0.12 0.52 0.36
77 E 13 1 11 1 0.0769230769230769 0.846153846153846 0.0769230769230769
78 E 23 3 17 3 0.130434782608696 0.739130434782609 0.130434782608696
79 E 21 5 11 5 0.238095238095238 0.523809523809524 0.238095238095238
80 E 13 2 7 4 0.153846153846154 0.538461538461538 0.307692307692308
81 E 21 5 12 4 0.238095238095238 0.571428571428571 0.19047619047619
82 E 35 5 19 11 0.142857142857143 0.542857142857143 0.314285714285714
83 E 26 6 13 7 0.230769230769231 0.5 0.269230769230769
84 E 28 7 13 8 0.25 0.464285714285714 0.285714285714286
85 E 43 6 25 12 0.13953488372093 0.581395348837209 0.27906976744186
86 E 25 9 12 4 0.36 0.48 0.16
87 E 22 9 11 2 0.409090909090909 0.5 0.0909090909090909
88 E 26 8 13 5 0.307692307692308 0.5 0.192307692307692
89 E 33 8 14 11 0.242424242424242 0.424242424242424 0.333333333333333
90 E 28 10 14 4 0.357142857142857 0.5 0.142857142857143
91 E 21 13 6 2 0.619047619047619 0.285714285714286 0.0952380952380952
92 E 13 6 5 2 0.461538461538462 0.384615384615385 0.153846153846154
93 E 20 3 9 8 0.15 0.45 0.4
94 E 20 3 8 9 0.15 0.4 0.45
95 E 13 7 3 3 0.538461538461538 0.230769230769231 0.230769230769231
96 E 16 5 10 1 0.3125 0.625 0.0625
97 E 18 6 9 3 0.333333333333333 0.5 0.166666666666667
98 E 32 2 22 8 0.0625 0.6875 0.25
99 E 22 3 14 5 0.136363636363636 0.636363636363636 0.227272727272727
100 E 20 4 12 4 0.2 0.6 0.2
101 E 36 4 27 5 0.111111111111111 0.75 0.138888888888889
102 E 42 3 32 7 0.0714285714285714 0.761904761904762 0.166666666666667
103 E 39 2 26 11 0.0512820512820513 0.666666666666667 0.282051282051282
104 E 38 0 14 24 0 0.368421052631579 0.631578947368421
105 E 29 0 11 18 0 0.379310344827586 0.620689655172414
106 E 32 0 22 10 0 0.6875 0.3125
107 E 24 0 17 7 0 0.708333333333333 0.291666666666667
108 E 30 1 23 6 0.0333333333333333 0.766666666666667 0.2
109 E 19 1 14 4 0.0526315789473684 0.736842105263158 0.210526315789474
110 E 8 0 4 4 0 0.5 0.5
111 E 15 1 7 7 0.0666666666666667 0.466666666666667 0.466666666666667
112 E 11 1 3 7 0.0909090909090909 0.272727272727273 0.636363636363636
113 E 17 2 5 10 0.117647058823529 0.294117647058824 0.588235294117647
114 E 20 3 9 8 0.15 0.45 0.4
115 E 32 4 14 14 0.125 0.4375 0.4375
116 E 35 0 14 21 0 0.4 0.6
117 E 36 2 19 15 0.0555555555555556 0.527777777777778 0.416666666666667
118 E 22 4 8 10 0.181818181818182 0.363636363636364 0.454545454545455
119 E 25 1 11 13 0.04 0.44 0.52
120 E 31 0 15 16 0 0.483870967741935 0.516129032258065
121 E 25 2 17 6 0.08 0.68 0.24
122 E 24 2 16 6 0.0833333333333333 0.666666666666667 0.25
123 E 36 2 18 16 0.0555555555555556 0.5 0.444444444444444
124 E 36 1 19 16 0.0277777777777778 0.527777777777778 0.444444444444444
125 E 19 3 12 4 0.157894736842105 0.631578947368421 0.210526315789474
126 E 14 0 12 2 0 0.857142857142857 0.142857142857143
127 E 24 0 17 7 0 0.708333333333333 0.291666666666667
128 E 23 0 15 8 0 0.652173913043478 0.347826086956522
129 E 41 1 21 19 0.024390243902439 0.51219512195122 0.463414634146341
130 E 29 3 19 7 0.103448275862069 0.655172413793103 0.241379310344828
131 E 32 1 18 13 0.03125 0.5625 0.40625
132 E 41 0 14 27 0 0.341463414634146 0.658536585365854
133 E 24 0 2 22 0 0.0833333333333333 0.916666666666667
134 E 24 0 9 15 0 0.375 0.625
135 E 22 0 10 12 0 0.454545454545455 0.545454545454545
136 E 21 2 12 7 0.0952380952380952 0.571428571428571 0.333333333333333
137 E 34 3 22 9 0.0882352941176471 0.647058823529412 0.264705882352941
138 E 46 4 30 12 0.0869565217391304 0.652173913043478 0.260869565217391
139 E 30 2 16 12 0.0666666666666667 0.533333333333333 0.4
140 E 45 0 24 21 0 0.533333333333333 0.466666666666667
141 E 63 0 37 26 0 0.587301587301587 0.412698412698413
142 E 39 0 16 23 0 0.41025641025641 0.58974358974359
143 E 26 0 10 16 0 0.384615384615385 0.615384615384615
144 E 32 0 15 17 0 0.46875 0.53125
145 E 21 0 9 12 0 0.428571428571429 0.571428571428571
146 E 30 0 16 14 0 0.533333333333333 0.466666666666667
147 E 12 0 9 3 0 0.75 0.25
148 E 19 0 11 8 0 0.578947368421053 0.421052631578947
149 E 34 0 19 15 0 0.558823529411765 0.441176470588235
150 E 46 0 28 18 0 0.608695652173913 0.391304347826087
151 E 40 1 23 16 0.025 0.575 0.4
152 E 43 1 24 18 0.0232558139534884 0.558139534883721 0.418604651162791
153 E 37 1 25 11 0.027027027027027 0.675675675675676 0.297297297297297
154 E 52 1 44 7 0.0192307692307692 0.846153846153846 0.134615384615385
155 E 49 0 43 6 0 0.877551020408163 0.122448979591837
156 E 52 0 45 7 0 0.865384615384615 0.134615384615385
157 E 46 1 39 6 0.0217391304347826 0.847826086956522 0.130434782608696
158 E 56 2 45 9 0.0357142857142857 0.803571428571429 0.160714285714286
159 E 51 0 39 12 0 0.764705882352941 0.235294117647059
160 E 41 0 30 11 0 0.731707317073171 0.268292682926829
161 E 39 1 30 8 0.0256410256410256 0.769230769230769 0.205128205128205
162 E 38 0 29 9 0 0.763157894736842 0.236842105263158
163 E 37 1 29 7 0.027027027027027 0.783783783783784 0.189189189189189
164 E 39 2 27 10 0.0512820512820513 0.692307692307692 0.256410256410256
165 E 31 1 17 13 0.032258064516129 0.548387096774194 0.419354838709677
166 E 28 1 16 11 0.0357142857142857 0.571428571428571 0.392857142857143
167 E 15 1 8 6 0.0666666666666667 0.533333333333333 0.4
168 E 11 1 7 3 0.0909090909090909 0.636363636363636 0.272727272727273
169 E 10 1 8 1 0.1 0.8 0.1
170 E 16 2 12 2 0.125 0.75 0.125
171 E 15 2 9 4 0.133333333333333 0.6 0.266666666666667
172 E 12 1 9 2 0.0833333333333333 0.75 0.166666666666667
173 E 14 0 11 3 0 0.785714285714286 0.214285714285714
174 E 26 1 22 3 0.0384615384615385 0.846153846153846 0.115384615384615
175 E 28 0 21 7 0 0.75 0.25
176 E 22 0 15 7 0 0.681818181818182 0.318181818181818
177 E 20 0 12 8 0 0.6 0.4
178 E 31 0 22 9 0 0.709677419354839 0.290322580645161
179 E 23 0 15 8 0 0.652173913043478 0.347826086956522
180 E 38 1 23 14 0.0263157894736842 0.605263157894737 0.368421052631579
181 E 54 2 45 7 0.037037037037037 0.833333333333333 0.12962962962963
182 E 46 2 38 6 0.0434782608695652 0.826086956521739 0.130434782608696
183 E 34 2 25 7 0.0588235294117647 0.735294117647059 0.205882352941176
184 E 24 3 18 3 0.125 0.75 0.125
185 E 35 1 23 11 0.0285714285714286 0.657142857142857 0.314285714285714
186 E 37 1 22 14 0.027027027027027 0.594594594594595 0.378378378378378
187 E 20 2 12 6 0.1 0.6 0.3
188 E 20 1 10 9 0.05 0.5 0.45
189 E 27 1 10 16 0.037037037037037 0.37037037037037 0.592592592592593
190 E 25 2 9 14 0.08 0.36 0.56
191 E 15 1 7 7 0.0666666666666667 0.466666666666667 0.466666666666667
192 E 18 2 9 7 0.111111111111111 0.5 0.388888888888889
193 E 27 3 17 7 0.111111111111111 0.62962962962963 0.259259259259259
194 E 32 2 20 10 0.0625 0.625 0.3125
195 E 25 3 11 11 0.12 0.44 0.44
196 E 24 3 14 7 0.125 0.583333333333333 0.291666666666667
197 E 20 2 15 3 0.1 0.75 0.15
198 E 16 2 12 2 0.125 0.75 0.125
199 E 13 0 13 0 0 1 0
200 E 20 2 13 5 0.1 0.65 0.25
201 E 17 2 13 2 0.117647058823529 0.764705882352941 0.117647058823529
202 E 21 1 14 6 0.0476190476190476 0.666666666666667 0.285714285714286
203 E 28 0 17 11 0 0.607142857142857 0.392857142857143
204 E 44 2 26 16 0.0454545454545455 0.590909090909091 0.363636363636364
205 E 40 5 24 11 0.125 0.6 0.275
206 E 34 3 16 15 0.0882352941176471 0.470588235294118 0.441176470588235
207 E 23 1 14 8 0.0434782608695652 0.608695652173913 0.347826086956522
208 E 22 2 14 6 0.0909090909090909 0.636363636363636 0.272727272727273
209 E 32 1 17 14 0.03125 0.53125 0.4375
210 E 28 1 13 14 0.0357142857142857 0.464285714285714 0.5
211 E 12 1 7 4 0.0833333333333333 0.583333333333333 0.333333333333333
212 E 27 1 9 17 0.037037037037037 0.333333333333333 0.62962962962963
213 E 27 0 13 14 0 0.481481481481481 0.518518518518518
214 E 16 2 8 6 0.125 0.5 0.375
215 E 12 0 7 5 0 0.583333333333333 0.416666666666667
216 E 24 0 12 12 0 0.5 0.5
217 E 32 0 13 19 0 0.40625 0.59375
218 E 33 0 18 15 0 0.545454545454545 0.454545454545455
219 E 41 0 23 18 0 0.560975609756098 0.439024390243902
220 E 32 4 17 11 0.125 0.53125 0.34375
221 E 20 2 10 8 0.1 0.5 0.4
222 E 18 5 9 4 0.277777777777778 0.5 0.222222222222222
223 E 25 6 12 7 0.24 0.48 0.28
224 E 15 7 7 1 0.466666666666667 0.466666666666667 0.0666666666666667
225 E 20 7 13 0 0.35 0.65 0
226 E 35 7 21 7 0.2 0.6 0.2
227 E 28 2 19 7 0.0714285714285714 0.678571428571429 0.25
228 E 15 4 8 3 0.266666666666667 0.533333333333333 0.2
229 E 24 4 18 2 0.166666666666667 0.75 0.0833333333333333
230 E 32 1 25 6 0.03125 0.78125 0.1875
231 E 18 2 13 3 0.111111111111111 0.722222222222222 0.166666666666667
232 E 10 2 8 0 0.2 0.8 0
233 E 11 2 9 0 0.181818181818182 0.818181818181818 0
234 E 15 1 14 0 0.0666666666666667 0.933333333333333 0
235 E 14 1 13 0 0.0714285714285714 0.928571428571429 0
236 E 21 1 12 8 0.0476190476190476 0.571428571428571 0.380952380952381
237 E 25 1 19 5 0.04 0.76 0.2
238 E 13 2 10 1 0.153846153846154 0.769230769230769 0.0769230769230769
239 E 16 3 12 1 0.1875 0.75 0.0625
240 E 21 4 11 6 0.19047619047619 0.523809523809524 0.285714285714286
241 E 14 3 7 4 0.214285714285714 0.5 0.285714285714286
242 E 21 4 13 4 0.19047619047619 0.619047619047619 0.19047619047619
243 E 18 4 8 6 0.222222222222222 0.444444444444444 0.333333333333333
244 E 26 3 15 8 0.115384615384615 0.576923076923077 0.307692307692308
245 E 25 2 17 6 0.08 0.68 0.24
246 E 17 2 12 3 0.117647058823529 0.705882352941177 0.176470588235294
247 E 20 3 14 3 0.15 0.7 0.15
248 E 19 1 12 6 0.0526315789473684 0.631578947368421 0.315789473684211
249 E 19 1 13 5 0.0526315789473684 0.684210526315789 0.263157894736842
250 E 31 0 20 11 0 0.645161290322581 0.354838709677419
251 E 29 0 17 12 0 0.586206896551724 0.413793103448276
252 E 29 1 17 11 0.0344827586206897 0.586206896551724 0.379310344827586
253 E 28 2 15 11 0.0714285714285714 0.535714285714286 0.392857142857143
254 E 41 1 22 18 0.024390243902439 0.536585365853659 0.439024390243902
255 E 42 2 20 20 0.0476190476190476 0.476190476190476 0.476190476190476
256 E 30 2 17 11 0.0666666666666667 0.566666666666667 0.366666666666667
257 E 30 0 16 14 0 0.533333333333333 0.466666666666667
258 E 30 0 19 11 0 0.633333333333333 0.366666666666667
259 E 32 3 18 11 0.09375 0.5625 0.34375
260 E 37 4 22 11 0.108108108108108 0.594594594594595 0.297297297297297
261 E 33 2 18 13 0.0606060606060606 0.545454545454545 0.393939393939394
262 E 30 3 20 7 0.1 0.666666666666667 0.233333333333333
263 E 29 9 17 3 0.310344827586207 0.586206896551724 0.103448275862069
264 E 43 9 26 8 0.209302325581395 0.604651162790698 0.186046511627907
265 E 23 7 14 2 0.304347826086957 0.608695652173913 0.0869565217391304
266 E 17 3 11 3 0.176470588235294 0.647058823529412 0.176470588235294
267 E 22 2 15 5 0.0909090909090909 0.681818181818182 0.227272727272727
268 E 19 3 12 4 0.157894736842105 0.631578947368421 0.210526315789474
269 E 18 6 11 1 0.333333333333333 0.611111111111111 0.0555555555555556
270 E 17 8 9 0 0.470588235294118 0.529411764705882 0
271 E 14 3 11 0 0.214285714285714 0.785714285714286 0
272 E 29 4 23 2 0.137931034482759 0.793103448275862 0.0689655172413793
273 E 35 7 24 4 0.2 0.685714285714286 0.114285714285714
274 E 32 2 19 11 0.0625 0.59375 0.34375
275 E 36 5 22 9 0.138888888888889 0.611111111111111 0.25
276 E 24 4 16 4 0.166666666666667 0.666666666666667 0.166666666666667
277 E 34 2 29 3 0.0588235294117647 0.852941176470588 0.0882352941176471
278 E 31 0 22 9 0 0.709677419354839 0.290322580645161
279 E 23 2 13 8 0.0869565217391304 0.565217391304348 0.347826086956522
280 E 20 2 15 3 0.1 0.75 0.15
281 E 43 3 34 6 0.0697674418604651 0.790697674418605 0.13953488372093
282 E 32 4 18 10 0.125 0.5625 0.3125
283 E 14 2 9 3 0.142857142857143 0.642857142857143 0.214285714285714
284 E 16 1 13 2 0.0625 0.8125 0.125
285 E 23 2 12 9 0.0869565217391304 0.521739130434783 0.391304347826087
286 E 14 5 4 5 0.357142857142857 0.285714285714286 0.357142857142857
287 E 9 4 2 3 0.444444444444444 0.222222222222222 0.333333333333333
288 E 8 3 1 4 0.375 0.125 0.5
289 E 17 6 3 8 0.352941176470588 0.176470588235294 0.470588235294118
290 E 21 3 10 8 0.142857142857143 0.476190476190476 0.380952380952381
291 E 15 0 14 1 0 0.933333333333333 0.0666666666666667
292 E 24 0 20 4 0 0.833333333333333 0.166666666666667
293 E 44 1 28 15 0.0227272727272727 0.636363636363636 0.340909090909091
294 E 31 0 23 8 0 0.741935483870968 0.258064516129032
295 E 24 0 19 5 0 0.791666666666667 0.208333333333333
296 E 34 0 26 8 0 0.764705882352941 0.235294117647059
297 E 33 2 22 9 0.0606060606060606 0.666666666666667 0.272727272727273
298 E 42 1 23 18 0.0238095238095238 0.547619047619048 0.428571428571429
299 E 53 0 31 22 0 0.584905660377358 0.415094339622642
300 E 57 2 47 8 0.0350877192982456 0.824561403508772 0.140350877192982
301 E 51 2 44 5 0.0392156862745098 0.862745098039216 0.0980392156862745
302 E 35 2 27 6 0.0571428571428571 0.771428571428571 0.171428571428571
303 E 35 0 29 6 0 0.828571428571429 0.171428571428571
304 E 44 1 35 8 0.0227272727272727 0.795454545454545 0.181818181818182
305 E 19 2 13 4 0.105263157894737 0.684210526315789 0.210526315789474
306 E 22 1 14 7 0.0454545454545455 0.636363636363636 0.318181818181818
307 E 18 0 9 9 0 0.5 0.5
308 E 22 0 15 7 0 0.681818181818182 0.318181818181818
309 E 35 0 20 15 0 0.571428571428571 0.428571428571429
310 E 32 0 19 13 0 0.59375 0.40625
311 E 23 1 14 8 0.0434782608695652 0.608695652173913 0.347826086956522
312 E 32 2 19 11 0.0625 0.59375 0.34375
313 E 34 1 15 18 0.0294117647058824 0.441176470588235 0.529411764705882
314 E 28 2 14 12 0.0714285714285714 0.5 0.428571428571429
315 E 19 2 11 6 0.105263157894737 0.578947368421053 0.315789473684211
316 E 24 4 14 6 0.166666666666667 0.583333333333333 0.25
317 E 32 3 18 11 0.09375 0.5625 0.34375
318 E 18 1 13 4 0.0555555555555556 0.722222222222222 0.222222222222222
319 E 11 1 9 1 0.0909090909090909 0.818181818181818 0.0909090909090909
320 E 9 0 7 2 0 0.777777777777778 0.222222222222222
321 E 14 1 8 5 0.0714285714285714 0.571428571428571 0.357142857142857
322 E 7 2 4 1 0.285714285714286 0.571428571428571 0.142857142857143
323 E 5 2 3 0 0.4 0.6 0
324 E 3 1 1 1 0.333333333333333 0.333333333333333 0.333333333333333
325 E 13 2 7 4 0.153846153846154 0.538461538461538 0.307692307692308
326 E 11 0 5 6 0 0.454545454545455 0.545454545454545
327 E 23 0 13 10 0 0.565217391304348 0.434782608695652
328 E 20 2 12 6 0.1 0.6 0.3
329 E 30 2 16 12 0.0666666666666667 0.533333333333333 0.4
330 E 19 1 9 9 0.0526315789473684 0.473684210526316 0.473684210526316
331 E 30 0 17 13 0 0.566666666666667 0.433333333333333
332 E 18 2 13 3 0.111111111111111 0.722222222222222 0.166666666666667
333 E 7 2 5 0 0.285714285714286 0.714285714285714 0
334 E 16 3 13 0 0.1875 0.8125 0
335 E 44 5 37 2 0.113636363636364 0.840909090909091 0.0454545454545455
336 E 36 3 32 1 0.0833333333333333 0.888888888888889 0.0277777777777778
337 E 31 3 23 5 0.0967741935483871 0.741935483870968 0.161290322580645
338 E 57 0 37 20 0 0.649122807017544 0.350877192982456
339 E 51 0 30 21 0 0.588235294117647 0.411764705882353
340 E 54 1 28 25 0.0185185185185185 0.518518518518518 0.462962962962963
341 E 51 1 26 24 0.0196078431372549 0.509803921568627 0.470588235294118
342 E 56 0 29 27 0 0.517857142857143 0.482142857142857
343 E 67 0 39 28 0 0.582089552238806 0.417910447761194
344 E 66 0 37 29 0 0.560606060606061 0.439393939393939
345 E 41 0 25 16 0 0.609756097560976 0.390243902439024
346 E 34 0 21 13 0 0.617647058823529 0.382352941176471
347 E 49 0 32 17 0 0.653061224489796 0.346938775510204
348 E 33 0 25 8 0 0.757575757575758 0.242424242424242
349 E 17 3 10 4 0.176470588235294 0.588235294117647 0.235294117647059
350 E 10 4 6 0 0.4 0.6 0
351 E 8 5 3 0 0.625 0.375 0
352 E 13 6 6 1 0.461538461538462 0.461538461538462 0.0769230769230769
353 E 12 6 6 0 0.5 0.5 0
354 E 7 3 3 1 0.428571428571429 0.428571428571429 0.142857142857143
355 E 11 3 5 3 0.272727272727273 0.454545454545455 0.272727272727273
356 E 19 2 8 9 0.105263157894737 0.421052631578947 0.473684210526316
357 E 22 0 10 12 0 0.454545454545455 0.545454545454545
358 E 28 0 14 14 0 0.5 0.5
359 E 19 2 10 7 0.105263157894737 0.526315789473684 0.368421052631579
360 E 13 7 4 2 0.538461538461538 0.307692307692308 0.153846153846154
361 E 20 10 9 1 0.5 0.45 0.05
362 E 34 10 18 6 0.294117647058824 0.529411764705882 0.176470588235294
363 E 18 11 6 1 0.611111111111111 0.333333333333333 0.0555555555555556
364 E 11 8 3 0 0.727272727272727 0.272727272727273 0
365 E 19 10 8 1 0.526315789473684 0.421052631578947 0.0526315789473684
366 E 16 5 11 0 0.3125 0.6875 0
367 E 23 2 19 2 0.0869565217391304 0.826086956521739 0.0869565217391304
368 E 20 3 15 2 0.15 0.75 0.1
369 E 26 6 16 4 0.230769230769231 0.615384615384615 0.153846153846154
370 E 35 3 20 12 0.0857142857142857 0.571428571428571 0.342857142857143
371 E 24 1 14 9 0.0416666666666667 0.583333333333333 0.375
372 E 14 5 7 2 0.357142857142857 0.5 0.142857142857143
373 E 10 5 4 1 0.5 0.4 0.1
374 E 12 4 2 6 0.333333333333333 0.166666666666667 0.5
375 E 8 4 3 1 0.5 0.375 0.125
