#Residue Chain TotalDensity HighlyFrustratedDensity NeutrallyFrustratedDensity MinimallyFrustratedDensity relHighlyFrustratedDensity relNeutrallyFrustratedDensity relMinimallyFrustratedDensity
1 C 9 5 4 0 0.555555555555556 0.444444444444444 0
2 C 6 4 2 0 0.666666666666667 0.333333333333333 0
3 C 5 3 2 0 0.6 0.4 0
4 C 7 5 2 0 0.714285714285714 0.285714285714286 0
5 C 20 6 13 1 0.3 0.65 0.05
6 C 27 4 20 3 0.148148148148148 0.740740740740741 0.111111111111111
7 C 48 1 34 13 0.0208333333333333 0.708333333333333 0.270833333333333
8 C 46 0 25 21 0 0.543478260869565 0.456521739130435
9 C 50 1 15 34 0.02 0.3 0.68
10 C 38 2 10 26 0.0526315789473684 0.263157894736842 0.684210526315789
11 C 45 5 25 15 0.111111111111111 0.555555555555556 0.333333333333333
12 C 32 4 20 8 0.125 0.625 0.25
13 C 34 3 25 6 0.0882352941176471 0.735294117647059 0.176470588235294
14 C 45 1 34 10 0.0222222222222222 0.755555555555556 0.222222222222222
15 C 35 4 25 6 0.114285714285714 0.714285714285714 0.171428571428571
16 C 23 2 16 5 0.0869565217391304 0.695652173913043 0.217391304347826
17 C 37 2 22 13 0.0540540540540541 0.594594594594595 0.351351351351351
18 C 43 6 23 14 0.13953488372093 0.534883720930233 0.325581395348837
19 C 50 5 21 24 0.1 0.42 0.48
20 C 48 4 24 20 0.0833333333333333 0.5 0.416666666666667
21 C 41 0 27 14 0 0.658536585365854 0.341463414634146
22 C 46 0 35 11 0 0.760869565217391 0.239130434782609
23 C 39 0 27 12 0 0.692307692307692 0.307692307692308
24 C 20 3 14 3 0.15 0.7 0.15
25 C 9 4 2 3 0.444444444444444 0.222222222222222 0.333333333333333
26 C 17 7 6 4 0.411764705882353 0.352941176470588 0.235294117647059
27 C 33 8 18 7 0.242424242424242 0.545454545454545 0.212121212121212
28 C 21 3 13 5 0.142857142857143 0.619047619047619 0.238095238095238
29 C 22 1 12 9 0.0454545454545455 0.545454545454545 0.409090909090909
30 C 21 1 8 12 0.0476190476190476 0.380952380952381 0.571428571428571
31 C 21 2 6 13 0.0952380952380952 0.285714285714286 0.619047619047619
32 C 24 6 12 6 0.25 0.5 0.25
33 C 33 3 19 11 0.0909090909090909 0.575757575757576 0.333333333333333
34 C 38 3 16 19 0.0789473684210526 0.421052631578947 0.5
35 C 37 4 15 18 0.108108108108108 0.405405405405405 0.486486486486487
36 C 31 3 16 12 0.0967741935483871 0.516129032258065 0.387096774193548
37 C 20 1 14 5 0.05 0.7 0.25
38 C 20 1 13 6 0.05 0.65 0.3
39 C 10 1 6 3 0.1 0.6 0.3
40 C 6 2 3 1 0.333333333333333 0.5 0.166666666666667
41 C 6 2 4 0 0.333333333333333 0.666666666666667 0
42 C 8 0 7 1 0 0.875 0.125
43 C 4 0 2 2 0 0.5 0.5
44 C 11 0 4 7 0 0.363636363636364 0.636363636363636
45 C 13 0 5 8 0 0.384615384615385 0.615384615384615
46 C 10 0 5 5 0 0.5 0.5
47 C 11 0 5 6 0 0.454545454545455 0.545454545454545
48 C 15 0 8 7 0 0.533333333333333 0.466666666666667
49 C 12 0 7 5 0 0.583333333333333 0.416666666666667
50 C 7 0 4 3 0 0.571428571428571 0.428571428571429
51 C 12 0 9 3 0 0.75 0.25
52 C 30 4 17 9 0.133333333333333 0.566666666666667 0.3
53 C 36 8 15 13 0.222222222222222 0.416666666666667 0.361111111111111
54 C 47 6 18 23 0.127659574468085 0.382978723404255 0.48936170212766
55 C 47 7 24 16 0.148936170212766 0.51063829787234 0.340425531914894
56 C 22 7 11 4 0.318181818181818 0.5 0.181818181818182
57 C 21 7 13 1 0.333333333333333 0.619047619047619 0.0476190476190476
58 C 47 9 26 12 0.191489361702128 0.553191489361702 0.25531914893617
59 C 34 6 21 7 0.176470588235294 0.617647058823529 0.205882352941176
60 C 15 3 11 1 0.2 0.733333333333333 0.0666666666666667
61 C 20 5 10 5 0.25 0.5 0.25
62 C 30 3 19 8 0.1 0.633333333333333 0.266666666666667
63 C 21 2 15 4 0.0952380952380952 0.714285714285714 0.19047619047619
64 C 21 3 10 8 0.142857142857143 0.476190476190476 0.380952380952381
65 C 40 2 25 13 0.05 0.625 0.325
66 C 31 0 24 7 0 0.774193548387097 0.225806451612903
67 C 35 0 20 15 0 0.571428571428571 0.428571428571429
68 C 21 3 9 9 0.142857142857143 0.428571428571429 0.428571428571429
69 C 22 6 11 5 0.272727272727273 0.5 0.227272727272727
70 C 36 12 17 7 0.333333333333333 0.472222222222222 0.194444444444444
71 C 36 5 19 12 0.138888888888889 0.527777777777778 0.333333333333333
72 C 33 3 21 9 0.0909090909090909 0.636363636363636 0.272727272727273
73 C 42 1 29 12 0.0238095238095238 0.69047619047619 0.285714285714286
74 C 51 2 34 15 0.0392156862745098 0.666666666666667 0.294117647058824
75 C 33 2 21 10 0.0606060606060606 0.636363636363636 0.303030303030303
76 C 29 4 14 11 0.137931034482759 0.482758620689655 0.379310344827586
77 C 13 2 9 2 0.153846153846154 0.692307692307692 0.153846153846154
78 C 19 10 8 1 0.526315789473684 0.421052631578947 0.0526315789473684
79 C 26 13 9 4 0.5 0.346153846153846 0.153846153846154
80 C 12 7 3 2 0.583333333333333 0.25 0.166666666666667
81 C 19 9 8 2 0.473684210526316 0.421052631578947 0.105263157894737
82 C 34 11 15 8 0.323529411764706 0.441176470588235 0.235294117647059
83 C 25 9 12 4 0.36 0.48 0.16
84 C 24 5 12 7 0.208333333333333 0.5 0.291666666666667
85 C 42 1 21 20 0.0238095238095238 0.5 0.476190476190476
86 C 25 3 16 6 0.12 0.64 0.24
87 C 20 1 16 3 0.05 0.8 0.15
88 C 26 3 13 10 0.115384615384615 0.5 0.384615384615385
89 C 33 1 20 12 0.0303030303030303 0.606060606060606 0.363636363636364
90 C 30 2 17 11 0.0666666666666667 0.566666666666667 0.366666666666667
91 C 19 2 13 4 0.105263157894737 0.684210526315789 0.210526315789474
92 C 11 1 8 2 0.0909090909090909 0.727272727272727 0.181818181818182
93 C 21 1 14 6 0.0476190476190476 0.666666666666667 0.285714285714286
94 C 24 1 12 11 0.0416666666666667 0.5 0.458333333333333
95 C 15 1 7 7 0.0666666666666667 0.466666666666667 0.466666666666667
96 C 22 1 13 8 0.0454545454545455 0.590909090909091 0.363636363636364
97 C 19 3 12 4 0.157894736842105 0.631578947368421 0.210526315789474
98 C 29 5 18 6 0.172413793103448 0.620689655172414 0.206896551724138
99 C 20 8 8 4 0.4 0.4 0.2
100 C 20 9 9 2 0.45 0.45 0.1
101 C 37 7 22 8 0.189189189189189 0.594594594594595 0.216216216216216
102 C 42 3 31 8 0.0714285714285714 0.738095238095238 0.19047619047619
103 C 40 0 25 15 0 0.625 0.375
104 C 38 0 9 29 0 0.236842105263158 0.763157894736842
105 C 31 0 6 25 0 0.193548387096774 0.806451612903226
106 C 30 1 14 15 0.0333333333333333 0.466666666666667 0.5
107 C 26 7 12 7 0.269230769230769 0.461538461538462 0.269230769230769
108 C 29 9 17 3 0.310344827586207 0.586206896551724 0.103448275862069
109 C 23 8 11 4 0.347826086956522 0.478260869565217 0.173913043478261
110 C 16 2 9 5 0.125 0.5625 0.3125
111 C 27 10 15 2 0.37037037037037 0.555555555555556 0.0740740740740741
112 C 31 10 20 1 0.32258064516129 0.645161290322581 0.032258064516129
113 C 26 5 19 2 0.192307692307692 0.730769230769231 0.0769230769230769
114 C 23 6 15 2 0.260869565217391 0.652173913043478 0.0869565217391304
115 C 32 9 18 5 0.28125 0.5625 0.15625
116 C 34 1 23 10 0.0294117647058824 0.676470588235294 0.294117647058824
117 C 36 1 28 7 0.0277777777777778 0.777777777777778 0.194444444444444
118 C 24 3 17 4 0.125 0.708333333333333 0.166666666666667
119 C 25 1 15 9 0.04 0.6 0.36
120 C 31 1 17 13 0.032258064516129 0.548387096774194 0.419354838709677
121 C 23 1 17 5 0.0434782608695652 0.739130434782609 0.217391304347826
122 C 26 1 18 7 0.0384615384615385 0.692307692307692 0.269230769230769
123 C 36 0 19 17 0 0.527777777777778 0.472222222222222
124 C 38 2 17 19 0.0526315789473684 0.447368421052632 0.5
125 C 21 3 13 5 0.142857142857143 0.619047619047619 0.238095238095238
126 C 14 1 8 5 0.0714285714285714 0.571428571428571 0.357142857142857
127 C 24 2 12 10 0.0833333333333333 0.5 0.416666666666667
128 C 24 3 12 9 0.125 0.5 0.375
129 C 36 4 15 17 0.111111111111111 0.416666666666667 0.472222222222222
130 C 29 7 15 7 0.241379310344828 0.517241379310345 0.241379310344828
131 C 29 1 16 12 0.0344827586206897 0.551724137931034 0.413793103448276
132 C 37 0 16 21 0 0.432432432432432 0.567567567567568
133 C 22 0 5 17 0 0.227272727272727 0.772727272727273
134 C 25 0 2 23 0 0.08 0.92
135 C 24 0 5 19 0 0.208333333333333 0.791666666666667
136 C 23 2 9 12 0.0869565217391304 0.391304347826087 0.521739130434783
137 C 35 4 20 11 0.114285714285714 0.571428571428571 0.314285714285714
138 C 45 2 20 23 0.0444444444444444 0.444444444444444 0.511111111111111
139 C 40 0 6 34 0 0.15 0.85
140 C 49 0 20 29 0 0.408163265306122 0.591836734693878
141 C 62 3 39 20 0.0483870967741935 0.629032258064516 0.32258064516129
142 C 35 0 13 22 0 0.371428571428571 0.628571428571429
143 C 29 0 10 19 0 0.344827586206897 0.655172413793103
144 C 31 0 20 11 0 0.645161290322581 0.354838709677419
145 C 22 1 13 8 0.0454545454545455 0.590909090909091 0.363636363636364
146 C 28 2 13 13 0.0714285714285714 0.464285714285714 0.464285714285714
147 C 13 0 9 4 0 0.692307692307692 0.307692307692308
148 C 19 0 13 6 0 0.684210526315789 0.315789473684211
149 C 32 1 20 11 0.03125 0.625 0.34375
150 C 43 3 25 15 0.0697674418604651 0.581395348837209 0.348837209302326
151 C 37 2 14 21 0.0540540540540541 0.378378378378378 0.567567567567568
152 C 39 0 20 19 0 0.512820512820513 0.487179487179487
153 C 37 4 19 14 0.108108108108108 0.513513513513513 0.378378378378378
154 C 54 9 37 8 0.166666666666667 0.685185185185185 0.148148148148148
155 C 49 1 40 8 0.0204081632653061 0.816326530612245 0.163265306122449
156 C 51 0 44 7 0 0.862745098039216 0.137254901960784
157 C 45 1 34 10 0.0222222222222222 0.755555555555556 0.222222222222222
158 C 54 2 36 16 0.037037037037037 0.666666666666667 0.296296296296296
159 C 49 0 34 15 0 0.693877551020408 0.306122448979592
160 C 40 2 26 12 0.05 0.65 0.3
161 C 40 5 27 8 0.125 0.675 0.2
162 C 41 4 26 11 0.0975609756097561 0.634146341463415 0.268292682926829
163 C 39 3 17 19 0.0769230769230769 0.435897435897436 0.487179487179487
164 C 38 4 17 17 0.105263157894737 0.447368421052632 0.447368421052632
165 C 34 1 8 25 0.0294117647058824 0.235294117647059 0.735294117647059
166 C 32 2 14 16 0.0625 0.4375 0.5
167 C 25 2 17 6 0.08 0.68 0.24
168 C 45 1 32 12 0.0222222222222222 0.711111111111111 0.266666666666667
169 C 39 1 26 12 0.0256410256410256 0.666666666666667 0.307692307692308
170 C 28 1 13 14 0.0357142857142857 0.464285714285714 0.5
171 C 25 1 11 13 0.04 0.44 0.52
172 C 16 1 6 9 0.0625 0.375 0.5625
173 C 19 1 9 9 0.0526315789473684 0.473684210526316 0.473684210526316
174 C 26 1 17 8 0.0384615384615385 0.653846153846154 0.307692307692308
175 C 28 0 13 15 0 0.464285714285714 0.535714285714286
176 C 22 1 16 5 0.0454545454545455 0.727272727272727 0.227272727272727
177 C 22 0 12 10 0 0.545454545454545 0.454545454545455
178 C 31 1 14 16 0.032258064516129 0.451612903225806 0.516129032258065
179 C 25 6 9 10 0.24 0.36 0.4
180 C 37 2 15 20 0.0540540540540541 0.405405405405405 0.540540540540541
181 C 52 1 29 22 0.0192307692307692 0.557692307692308 0.423076923076923
182 C 44 1 25 18 0.0227272727272727 0.568181818181818 0.409090909090909
183 C 35 1 16 18 0.0285714285714286 0.457142857142857 0.514285714285714
184 C 24 1 10 13 0.0416666666666667 0.416666666666667 0.541666666666667
185 C 34 0 13 21 0 0.382352941176471 0.617647058823529
186 C 37 1 10 26 0.027027027027027 0.27027027027027 0.702702702702703
187 C 19 0 7 12 0 0.368421052631579 0.631578947368421
188 C 20 0 5 15 0 0.25 0.75
189 C 25 0 3 22 0 0.12 0.88
190 C 26 0 6 20 0 0.230769230769231 0.769230769230769
191 C 14 0 7 7 0 0.5 0.5
192 C 16 0 6 10 0 0.375 0.625
193 C 27 0 14 13 0 0.518518518518518 0.481481481481481
194 C 17 0 11 6 0 0.647058823529412 0.352941176470588
195 C 11 0 6 5 0 0.545454545454545 0.454545454545455
196 C 15 0 9 6 0 0.6 0.4
197 C 9 0 7 2 0 0.777777777777778 0.222222222222222
198 C 17 0 12 5 0 0.705882352941177 0.294117647058824
199 C 11 0 10 1 0 0.909090909090909 0.0909090909090909
200 C 19 0 8 11 0 0.421052631578947 0.578947368421053
201 C 13 0 7 6 0 0.538461538461538 0.461538461538462
202 C 14 0 10 4 0 0.714285714285714 0.285714285714286
203 C 26 0 22 4 0 0.846153846153846 0.153846153846154
204 C 37 0 28 9 0 0.756756756756757 0.243243243243243
205 C 31 0 16 15 0 0.516129032258065 0.483870967741935
206 C 35 0 15 20 0 0.428571428571429 0.571428571428571
207 C 24 1 12 11 0.0416666666666667 0.5 0.458333333333333
208 C 18 0 5 13 0 0.277777777777778 0.722222222222222
209 C 29 0 2 27 0 0.0689655172413793 0.931034482758621
210 C 26 2 7 17 0.0769230769230769 0.269230769230769 0.653846153846154
211 C 13 1 5 7 0.0769230769230769 0.384615384615385 0.538461538461538
212 C 26 1 6 19 0.0384615384615385 0.230769230769231 0.730769230769231
213 C 26 3 7 16 0.115384615384615 0.269230769230769 0.615384615384615
214 C 16 1 5 10 0.0625 0.3125 0.625
215 C 14 0 5 9 0 0.357142857142857 0.642857142857143
216 C 23 0 7 16 0 0.304347826086957 0.695652173913043
217 C 31 1 10 20 0.032258064516129 0.32258064516129 0.645161290322581
218 C 32 0 15 17 0 0.46875 0.53125
219 C 41 0 21 20 0 0.51219512195122 0.48780487804878
220 C 32 4 16 12 0.125 0.5 0.375
221 C 20 1 10 9 0.05 0.5 0.45
222 C 15 6 9 0 0.4 0.6 0
223 C 25 7 15 3 0.28 0.6 0.12
224 C 15 7 8 0 0.466666666666667 0.533333333333333 0
225 C 17 8 9 0 0.470588235294118 0.529411764705882 0
226 C 34 10 20 4 0.294117647058824 0.588235294117647 0.117647058823529
227 C 28 7 19 2 0.25 0.678571428571429 0.0714285714285714
228 C 17 3 14 0 0.176470588235294 0.823529411764706 0
229 C 21 3 16 2 0.142857142857143 0.761904761904762 0.0952380952380952
230 C 35 4 25 6 0.114285714285714 0.714285714285714 0.171428571428571
231 C 20 1 17 2 0.05 0.85 0.1
232 C 11 0 9 2 0 0.818181818181818 0.181818181818182
233 C 11 0 8 3 0 0.727272727272727 0.272727272727273
234 C 16 0 12 4 0 0.75 0.25
235 C 12 0 8 4 0 0.666666666666667 0.333333333333333
236 C 20 0 11 9 0 0.55 0.45
237 C 29 1 21 7 0.0344827586206897 0.724137931034483 0.241379310344828
238 C 17 1 9 7 0.0588235294117647 0.529411764705882 0.411764705882353
239 C 18 1 7 10 0.0555555555555556 0.388888888888889 0.555555555555556
240 C 20 0 3 17 0 0.15 0.85
241 C 15 1 5 9 0.0666666666666667 0.333333333333333 0.6
242 C 22 2 7 13 0.0909090909090909 0.318181818181818 0.590909090909091
243 C 9 1 6 2 0.111111111111111 0.666666666666667 0.222222222222222
244 C 9 1 5 3 0.111111111111111 0.555555555555556 0.333333333333333
245 C 8 1 4 3 0.125 0.5 0.375
246 C 12 2 5 5 0.166666666666667 0.416666666666667 0.416666666666667
247 C 16 1 3 12 0.0625 0.1875 0.75
248 C 18 0 2 16 0 0.111111111111111 0.888888888888889
249 C 20 1 7 12 0.05 0.35 0.6
250 C 30 2 13 15 0.0666666666666667 0.433333333333333 0.5
251 C 29 2 20 7 0.0689655172413793 0.689655172413793 0.241379310344828
252 C 31 3 22 6 0.0967741935483871 0.709677419354839 0.193548387096774
253 C 25 1 15 9 0.04 0.6 0.36
254 C 40 2 16 22 0.05 0.4 0.55
255 C 42 2 19 21 0.0476190476190476 0.452380952380952 0.5
256 C 31 1 17 13 0.032258064516129 0.548387096774194 0.419354838709677
257 C 30 1 11 18 0.0333333333333333 0.366666666666667 0.6
258 C 29 1 18 10 0.0344827586206897 0.620689655172414 0.344827586206897
259 C 32 3 22 7 0.09375 0.6875 0.21875
260 C 34 3 20 11 0.0882352941176471 0.588235294117647 0.323529411764706
261 C 29 1 12 16 0.0344827586206897 0.413793103448276 0.551724137931034
262 C 28 2 17 9 0.0714285714285714 0.607142857142857 0.321428571428571
263 C 32 5 22 5 0.15625 0.6875 0.15625
264 C 42 5 26 11 0.119047619047619 0.619047619047619 0.261904761904762
265 C 24 3 18 3 0.125 0.75 0.125
266 C 16 2 9 5 0.125 0.5625 0.3125
267 C 20 0 12 8 0 0.6 0.4
268 C 17 0 14 3 0 0.823529411764706 0.176470588235294
269 C 18 2 14 2 0.111111111111111 0.777777777777778 0.111111111111111
270 C 21 3 18 0 0.142857142857143 0.857142857142857 0
271 C 22 4 16 2 0.181818181818182 0.727272727272727 0.0909090909090909
272 C 28 5 17 6 0.178571428571429 0.607142857142857 0.214285714285714
273 C 34 4 23 7 0.117647058823529 0.676470588235294 0.205882352941176
274 C 32 0 17 15 0 0.53125 0.46875
275 C 34 0 25 9 0 0.735294117647059 0.264705882352941
276 C 24 3 19 2 0.125 0.791666666666667 0.0833333333333333
277 C 36 5 26 5 0.138888888888889 0.722222222222222 0.138888888888889
278 C 31 3 21 7 0.0967741935483871 0.67741935483871 0.225806451612903
279 C 25 1 11 13 0.04 0.44 0.52
280 C 21 3 12 6 0.142857142857143 0.571428571428571 0.285714285714286
281 C 42 6 27 9 0.142857142857143 0.642857142857143 0.214285714285714
282 C 32 2 14 16 0.0625 0.4375 0.5
283 C 17 1 7 9 0.0588235294117647 0.411764705882353 0.529411764705882
284 C 16 2 8 6 0.125 0.5 0.375
285 C 24 2 9 13 0.0833333333333333 0.375 0.541666666666667
286 C 30 3 12 15 0.1 0.4 0.5
287 C 22 3 11 8 0.136363636363636 0.5 0.363636363636364
288 C 32 8 16 8 0.25 0.5 0.25
289 C 25 4 10 11 0.16 0.4 0.44
290 C 31 1 16 14 0.032258064516129 0.516129032258065 0.451612903225806
291 C 24 2 14 8 0.0833333333333333 0.583333333333333 0.333333333333333
292 C 25 1 16 8 0.04 0.64 0.32
293 C 44 3 21 20 0.0681818181818182 0.477272727272727 0.454545454545455
294 C 34 0 19 15 0 0.558823529411765 0.441176470588235
295 C 25 3 14 8 0.12 0.56 0.32
296 C 36 5 24 7 0.138888888888889 0.666666666666667 0.194444444444444
297 C 34 5 20 9 0.147058823529412 0.588235294117647 0.264705882352941
298 C 40 1 21 18 0.025 0.525 0.45
299 C 47 1 24 22 0.0212765957446809 0.51063829787234 0.468085106382979
300 C 59 11 40 8 0.186440677966102 0.677966101694915 0.135593220338983
301 C 49 10 34 5 0.204081632653061 0.693877551020408 0.102040816326531
302 C 37 6 26 5 0.162162162162162 0.702702702702703 0.135135135135135
303 C 35 1 25 9 0.0285714285714286 0.714285714285714 0.257142857142857
304 C 44 2 26 16 0.0454545454545455 0.590909090909091 0.363636363636364
305 C 21 3 9 9 0.142857142857143 0.428571428571429 0.428571428571429
306 C 21 0 10 11 0 0.476190476190476 0.523809523809524
307 C 18 0 8 10 0 0.444444444444444 0.555555555555556
308 C 23 0 12 11 0 0.521739130434783 0.478260869565217
309 C 35 0 12 23 0 0.342857142857143 0.657142857142857
310 C 31 1 10 20 0.032258064516129 0.32258064516129 0.645161290322581
311 C 26 1 12 13 0.0384615384615385 0.461538461538462 0.5
312 C 33 2 15 16 0.0606060606060606 0.454545454545455 0.484848484848485
313 C 32 2 10 20 0.0625 0.3125 0.625
314 C 24 4 8 12 0.166666666666667 0.333333333333333 0.5
315 C 19 1 11 7 0.0526315789473684 0.578947368421053 0.368421052631579
316 C 26 1 19 6 0.0384615384615385 0.730769230769231 0.230769230769231
317 C 34 1 16 17 0.0294117647058824 0.470588235294118 0.5
318 C 21 1 10 10 0.0476190476190476 0.476190476190476 0.476190476190476
319 C 13 0 9 4 0 0.692307692307692 0.307692307692308
320 C 11 0 6 5 0 0.545454545454545 0.454545454545455
321 C 19 1 10 8 0.0526315789473684 0.526315789473684 0.421052631578947
322 C 13 5 7 1 0.384615384615385 0.538461538461538 0.0769230769230769
323 C 6 2 4 0 0.333333333333333 0.666666666666667 0
324 C 5 2 3 0 0.4 0.6 0
325 C 16 3 9 4 0.1875 0.5625 0.25
326 C 11 3 4 4 0.272727272727273 0.363636363636364 0.363636363636364
327 C 23 2 8 13 0.0869565217391304 0.347826086956522 0.565217391304348
328 C 20 5 10 5 0.25 0.5 0.25
329 C 27 3 10 14 0.111111111111111 0.37037037037037 0.518518518518518
330 C 19 1 10 8 0.0526315789473684 0.526315789473684 0.421052631578947
331 C 27 0 15 12 0 0.555555555555556 0.444444444444444
332 C 18 3 15 0 0.166666666666667 0.833333333333333 0
333 C 5 1 4 0 0.2 0.8 0
334 C 15 7 7 1 0.466666666666667 0.466666666666667 0.0666666666666667
335 C 41 12 29 0 0.292682926829268 0.707317073170732 0
336 C 35 15 19 1 0.428571428571429 0.542857142857143 0.0285714285714286
337 C 32 13 16 3 0.40625 0.5 0.09375
338 C 59 5 40 14 0.0847457627118644 0.677966101694915 0.23728813559322
339 C 52 3 32 17 0.0576923076923077 0.615384615384615 0.326923076923077
340 C 51 5 31 15 0.0980392156862745 0.607843137254902 0.294117647058824
341 C 49 2 29 18 0.0408163265306122 0.591836734693878 0.36734693877551
342 C 60 0 33 27 0 0.55 0.45
343 C 65 0 32 33 0 0.492307692307692 0.507692307692308
344 C 61 0 35 26 0 0.573770491803279 0.426229508196721
345 C 39 0 21 18 0 0.538461538461538 0.461538461538462
346 C 34 0 12 22 0 0.352941176470588 0.647058823529412
347 C 46 1 19 26 0.0217391304347826 0.41304347826087 0.565217391304348
348 C 28 1 17 10 0.0357142857142857 0.607142857142857 0.357142857142857
349 C 14 0 4 10 0 0.285714285714286 0.714285714285714
350 C 7 0 4 3 0 0.571428571428571 0.428571428571429
351 C 11 0 6 5 0 0.545454545454545 0.454545454545455
352 C 20 0 7 13 0 0.35 0.65
353 C 12 1 9 2 0.0833333333333333 0.75 0.166666666666667
354 C 5 0 5 0 0 1 0
355 C 13 1 4 8 0.0769230769230769 0.307692307692308 0.615384615384615
356 C 19 0 10 9 0 0.526315789473684 0.473684210526316
357 C 21 1 6 14 0.0476190476190476 0.285714285714286 0.666666666666667
358 C 30 2 13 15 0.0666666666666667 0.433333333333333 0.5
359 C 21 4 12 5 0.19047619047619 0.571428571428571 0.238095238095238
360 C 12 6 5 1 0.5 0.416666666666667 0.0833333333333333
361 C 15 9 4 2 0.6 0.266666666666667 0.133333333333333
362 C 27 13 8 6 0.481481481481481 0.296296296296296 0.222222222222222
363 C 14 12 2 0 0.857142857142857 0.142857142857143 0
364 C 9 8 1 0 0.888888888888889 0.111111111111111 0
365 C 13 7 4 2 0.538461538461538 0.307692307692308 0.153846153846154
366 C 15 4 6 5 0.266666666666667 0.4 0.333333333333333
367 C 25 3 13 9 0.12 0.52 0.36
368 C 24 1 13 10 0.0416666666666667 0.541666666666667 0.416666666666667
369 C 23 2 12 9 0.0869565217391304 0.521739130434783 0.391304347826087
370 C 33 3 9 21 0.0909090909090909 0.272727272727273 0.636363636363636
371 C 25 1 13 11 0.04 0.52 0.44
372 C 11 1 6 4 0.0909090909090909 0.545454545454545 0.363636363636364
373 C 10 3 4 3 0.3 0.4 0.3
374 C 10 2 3 5 0.2 0.3 0.5
375 C 9 2 4 3 0.222222222222222 0.444444444444444 0.333333333333333
1 D 10 5 5 0 0.5 0.5 0
2 D 6 4 2 0 0.666666666666667 0.333333333333333 0
3 D 4 3 1 0 0.75 0.25 0
4 D 6 4 2 0 0.666666666666667 0.333333333333333 0
5 D 19 6 11 2 0.315789473684211 0.578947368421053 0.105263157894737
6 D 28 4 19 5 0.142857142857143 0.678571428571429 0.178571428571429
7 D 47 2 31 14 0.0425531914893617 0.659574468085106 0.297872340425532
8 D 47 1 24 22 0.0212765957446809 0.51063829787234 0.468085106382979
9 D 47 1 16 30 0.0212765957446809 0.340425531914894 0.638297872340426
10 D 38 2 16 20 0.0526315789473684 0.421052631578947 0.526315789473684
11 D 46 6 29 11 0.130434782608696 0.630434782608696 0.239130434782609
12 D 34 6 21 7 0.176470588235294 0.617647058823529 0.205882352941176
13 D 35 4 24 7 0.114285714285714 0.685714285714286 0.2
14 D 50 1 39 10 0.02 0.78 0.2
15 D 35 1 29 5 0.0285714285714286 0.828571428571429 0.142857142857143
16 D 26 1 19 6 0.0384615384615385 0.730769230769231 0.230769230769231
17 D 39 2 22 15 0.0512820512820513 0.564102564102564 0.384615384615385
18 D 44 5 28 11 0.113636363636364 0.636363636363636 0.25
19 D 49 4 23 22 0.0816326530612245 0.469387755102041 0.448979591836735
20 D 49 3 29 17 0.0612244897959184 0.591836734693878 0.346938775510204
21 D 42 0 28 14 0 0.666666666666667 0.333333333333333
22 D 45 0 34 11 0 0.755555555555556 0.244444444444444
23 D 39 0 27 12 0 0.692307692307692 0.307692307692308
24 D 22 3 17 2 0.136363636363636 0.772727272727273 0.0909090909090909
25 D 9 3 3 3 0.333333333333333 0.333333333333333 0.333333333333333
26 D 18 8 6 4 0.444444444444444 0.333333333333333 0.222222222222222
27 D 36 8 21 7 0.222222222222222 0.583333333333333 0.194444444444444
28 D 20 2 15 3 0.1 0.75 0.15
29 D 21 0 12 9 0 0.571428571428571 0.428571428571429
30 D 20 0 8 12 0 0.4 0.6
31 D 20 1 6 13 0.05 0.3 0.65
32 D 25 4 13 8 0.16 0.52 0.32
33 D 33 2 20 11 0.0606060606060606 0.606060606060606 0.333333333333333
34 D 38 2 17 19 0.0526315789473684 0.447368421052632 0.5
35 D 36 2 15 19 0.0555555555555556 0.416666666666667 0.527777777777778
36 D 30 1 18 11 0.0333333333333333 0.6 0.366666666666667
37 D 20 0 15 5 0 0.75 0.25
38 D 21 2 12 7 0.0952380952380952 0.571428571428571 0.333333333333333
39 D 14 0 11 3 0 0.785714285714286 0.214285714285714
40 D 7 1 5 1 0.142857142857143 0.714285714285714 0.142857142857143
41 D 6 1 5 0 0.166666666666667 0.833333333333333 0
42 D 8 0 7 1 0 0.875 0.125
43 D 4 0 2 2 0 0.5 0.5
44 D 11 0 4 7 0 0.363636363636364 0.636363636363636
45 D 13 0 6 7 0 0.461538461538462 0.538461538461538
46 D 10 0 6 4 0 0.6 0.4
47 D 11 0 5 6 0 0.454545454545455 0.545454545454545
48 D 14 0 9 5 0 0.642857142857143 0.357142857142857
49 D 12 0 10 2 0 0.833333333333333 0.166666666666667
50 D 8 0 7 1 0 0.875 0.125
51 D 14 0 12 2 0 0.857142857142857 0.142857142857143
52 D 26 3 17 6 0.115384615384615 0.653846153846154 0.230769230769231
53 D 35 3 19 13 0.0857142857142857 0.542857142857143 0.371428571428571
54 D 46 3 18 25 0.0652173913043478 0.391304347826087 0.543478260869565
55 D 50 6 26 18 0.12 0.52 0.36
56 D 21 5 11 5 0.238095238095238 0.523809523809524 0.238095238095238
57 D 19 6 11 2 0.315789473684211 0.578947368421053 0.105263157894737
58 D 45 8 26 11 0.177777777777778 0.577777777777778 0.244444444444444
59 D 35 6 21 8 0.171428571428571 0.6 0.228571428571429
60 D 15 3 10 2 0.2 0.666666666666667 0.133333333333333
61 D 19 5 9 5 0.263157894736842 0.473684210526316 0.263157894736842
62 D 30 3 20 7 0.1 0.666666666666667 0.233333333333333
63 D 19 2 13 4 0.105263157894737 0.684210526315789 0.210526315789474
64 D 21 3 9 9 0.142857142857143 0.428571428571429 0.428571428571429
65 D 39 2 23 14 0.0512820512820513 0.58974358974359 0.358974358974359
66 D 33 0 25 8 0 0.757575757575758 0.242424242424242
67 D 37 0 21 16 0 0.567567567567568 0.432432432432432
68 D 21 3 9 9 0.142857142857143 0.428571428571429 0.428571428571429
69 D 20 3 12 5 0.15 0.6 0.25
70 D 36 13 17 6 0.361111111111111 0.472222222222222 0.166666666666667
71 D 33 4 17 12 0.121212121212121 0.515151515151515 0.363636363636364
72 D 34 5 19 10 0.147058823529412 0.558823529411765 0.294117647058824
73 D 40 2 26 12 0.05 0.65 0.3
74 D 49 3 31 15 0.0612244897959184 0.63265306122449 0.306122448979592
75 D 29 1 18 10 0.0344827586206897 0.620689655172414 0.344827586206897
76 D 26 4 14 8 0.153846153846154 0.538461538461538 0.307692307692308
77 D 13 5 6 2 0.384615384615385 0.461538461538462 0.153846153846154
78 D 21 13 7 1 0.619047619047619 0.333333333333333 0.0476190476190476
79 D 24 11 13 0 0.458333333333333 0.541666666666667 0
80 D 12 7 5 0 0.583333333333333 0.416666666666667 0
81 D 20 9 9 2 0.45 0.45 0.1
82 D 33 11 16 6 0.333333333333333 0.484848484848485 0.181818181818182
83 D 27 8 16 3 0.296296296296296 0.592592592592593 0.111111111111111
84 D 27 3 16 8 0.111111111111111 0.592592592592593 0.296296296296296
85 D 44 0 25 19 0 0.568181818181818 0.431818181818182
86 D 27 3 20 4 0.111111111111111 0.740740740740741 0.148148148148148
87 D 21 3 16 2 0.142857142857143 0.761904761904762 0.0952380952380952
88 D 28 1 19 8 0.0357142857142857 0.678571428571429 0.285714285714286
89 D 34 1 23 10 0.0294117647058824 0.676470588235294 0.294117647058824
90 D 30 3 17 10 0.1 0.566666666666667 0.333333333333333
91 D 20 3 11 6 0.15 0.55 0.3
92 D 15 1 12 2 0.0666666666666667 0.8 0.133333333333333
93 D 23 1 16 6 0.0434782608695652 0.695652173913043 0.260869565217391
94 D 25 1 13 11 0.04 0.52 0.44
95 D 13 1 6 6 0.0769230769230769 0.461538461538462 0.461538461538462
96 D 21 0 12 9 0 0.571428571428571 0.428571428571429
97 D 20 3 12 5 0.15 0.6 0.25
98 D 32 5 22 5 0.15625 0.6875 0.15625
99 D 20 8 10 2 0.4 0.5 0.1
100 D 19 8 10 1 0.421052631578947 0.526315789473684 0.0526315789473684
101 D 40 9 22 9 0.225 0.55 0.225
102 D 43 4 31 8 0.0930232558139535 0.720930232558139 0.186046511627907
103 D 42 0 26 16 0 0.619047619047619 0.380952380952381
104 D 38 0 9 29 0 0.236842105263158 0.763157894736842
105 D 29 0 5 24 0 0.172413793103448 0.827586206896552
106 D 31 3 14 14 0.0967741935483871 0.451612903225806 0.451612903225806
107 D 24 8 9 7 0.333333333333333 0.375 0.291666666666667
108 D 30 10 17 3 0.333333333333333 0.566666666666667 0.1
109 D 21 7 12 2 0.333333333333333 0.571428571428571 0.0952380952380952
110 D 16 2 9 5 0.125 0.5625 0.3125
111 D 28 10 16 2 0.357142857142857 0.571428571428571 0.0714285714285714
112 D 30 9 20 1 0.3 0.666666666666667 0.0333333333333333
113 D 23 3 18 2 0.130434782608696 0.782608695652174 0.0869565217391304
114 D 22 6 14 2 0.272727272727273 0.636363636363636 0.0909090909090909
115 D 33 8 21 4 0.242424242424242 0.636363636363636 0.121212121212121
116 D 35 1 24 10 0.0285714285714286 0.685714285714286 0.285714285714286
117 D 34 2 27 5 0.0588235294117647 0.794117647058823 0.147058823529412
118 D 22 2 18 2 0.0909090909090909 0.818181818181818 0.0909090909090909
119 D 26 1 19 6 0.0384615384615385 0.730769230769231 0.230769230769231
120 D 29 1 19 9 0.0344827586206897 0.655172413793103 0.310344827586207
121 D 23 3 18 2 0.130434782608696 0.782608695652174 0.0869565217391304
122 D 25 2 19 4 0.08 0.76 0.16
123 D 35 0 22 13 0 0.628571428571429 0.371428571428571
124 D 37 3 20 14 0.0810810810810811 0.540540540540541 0.378378378378378
125 D 20 4 12 4 0.2 0.6 0.2
126 D 13 1 9 3 0.0769230769230769 0.692307692307692 0.230769230769231
127 D 25 3 15 7 0.12 0.6 0.28
128 D 25 5 13 7 0.2 0.52 0.28
129 D 40 5 19 16 0.125 0.475 0.4
130 D 29 7 16 6 0.241379310344828 0.551724137931034 0.206896551724138
131 D 29 1 16 12 0.0344827586206897 0.551724137931034 0.413793103448276
132 D 37 0 14 23 0 0.378378378378378 0.621621621621622
133 D 23 0 5 18 0 0.217391304347826 0.782608695652174
134 D 25 0 2 23 0 0.08 0.92
135 D 23 0 5 18 0 0.217391304347826 0.782608695652174
136 D 23 3 8 12 0.130434782608696 0.347826086956522 0.521739130434783
137 D 38 6 20 12 0.157894736842105 0.526315789473684 0.315789473684211
138 D 47 3 24 20 0.0638297872340425 0.51063829787234 0.425531914893617
139 D 32 0 11 21 0 0.34375 0.65625
140 D 48 0 21 27 0 0.4375 0.5625
141 D 59 3 37 19 0.0508474576271186 0.627118644067797 0.322033898305085
142 D 36 0 15 21 0 0.416666666666667 0.583333333333333
143 D 26 0 9 17 0 0.346153846153846 0.653846153846154
144 D 33 0 20 13 0 0.606060606060606 0.393939393939394
145 D 22 2 13 7 0.0909090909090909 0.590909090909091 0.318181818181818
146 D 24 1 12 11 0.0416666666666667 0.5 0.458333333333333
147 D 13 0 8 5 0 0.615384615384615 0.384615384615385
148 D 20 0 10 10 0 0.5 0.5
149 D 35 0 22 13 0 0.628571428571429 0.371428571428571
150 D 47 3 25 19 0.0638297872340425 0.531914893617021 0.404255319148936
151 D 39 4 12 23 0.102564102564103 0.307692307692308 0.58974358974359
152 D 41 0 21 20 0 0.51219512195122 0.48780487804878
153 D 39 3 21 15 0.0769230769230769 0.538461538461538 0.384615384615385
154 D 52 9 35 8 0.173076923076923 0.673076923076923 0.153846153846154
155 D 50 1 42 7 0.02 0.84 0.14
156 D 55 0 48 7 0 0.872727272727273 0.127272727272727
157 D 52 2 41 9 0.0384615384615385 0.788461538461538 0.173076923076923
158 D 59 2 41 16 0.0338983050847458 0.694915254237288 0.271186440677966
159 D 49 0 33 16 0 0.673469387755102 0.326530612244898
160 D 39 2 24 13 0.0512820512820513 0.615384615384615 0.333333333333333
161 D 41 4 27 10 0.0975609756097561 0.658536585365854 0.24390243902439
162 D 42 4 25 13 0.0952380952380952 0.595238095238095 0.30952380952381
163 D 38 3 18 17 0.0789473684210526 0.473684210526316 0.447368421052632
164 D 37 5 17 15 0.135135135135135 0.459459459459459 0.405405405405405
165 D 33 1 9 23 0.0303030303030303 0.272727272727273 0.696969696969697
166 D 32 0 15 17 0 0.46875 0.53125
167 D 18 0 11 7 0 0.611111111111111 0.388888888888889
168 D 12 0 8 4 0 0.666666666666667 0.333333333333333
169 D 12 0 5 7 0 0.416666666666667 0.583333333333333
170 D 16 0 5 11 0 0.3125 0.6875
171 D 18 2 6 10 0.111111111111111 0.333333333333333 0.555555555555556
172 D 14 3 4 7 0.214285714285714 0.285714285714286 0.5
173 D 18 2 9 7 0.111111111111111 0.5 0.388888888888889
174 D 23 2 15 6 0.0869565217391304 0.652173913043478 0.260869565217391
175 D 27 0 13 14 0 0.481481481481481 0.518518518518518
176 D 21 0 15 6 0 0.714285714285714 0.285714285714286
177 D 21 0 11 10 0 0.523809523809524 0.476190476190476
178 D 27 1 15 11 0.037037037037037 0.555555555555556 0.407407407407407
179 D 21 7 8 6 0.333333333333333 0.380952380952381 0.285714285714286
180 D 37 2 17 18 0.0540540540540541 0.459459459459459 0.486486486486487
181 D 54 1 33 20 0.0185185185185185 0.611111111111111 0.37037037037037
182 D 44 1 27 16 0.0227272727272727 0.613636363636364 0.363636363636364
183 D 33 1 17 15 0.0303030303030303 0.515151515151515 0.454545454545455
184 D 21 2 12 7 0.0952380952380952 0.571428571428571 0.333333333333333
185 D 32 0 15 17 0 0.46875 0.53125
186 D 33 0 12 21 0 0.363636363636364 0.636363636363636
187 D 18 0 9 9 0 0.5 0.5
188 D 22 0 6 16 0 0.272727272727273 0.727272727272727
189 D 27 0 5 22 0 0.185185185185185 0.814814814814815
190 D 25 0 4 21 0 0.16 0.84
191 D 15 0 7 8 0 0.466666666666667 0.533333333333333
192 D 21 0 8 13 0 0.380952380952381 0.619047619047619
193 D 27 0 10 17 0 0.37037037037037 0.62962962962963
194 D 31 4 18 9 0.129032258064516 0.580645161290323 0.290322580645161
195 D 22 0 16 6 0 0.727272727272727 0.272727272727273
196 D 26 3 16 7 0.115384615384615 0.615384615384615 0.269230769230769
197 D 20 6 12 2 0.3 0.6 0.1
198 D 19 2 9 8 0.105263157894737 0.473684210526316 0.421052631578947
199 D 13 2 8 3 0.153846153846154 0.615384615384615 0.230769230769231
200 D 19 0 8 11 0 0.421052631578947 0.578947368421053
201 D 16 0 10 6 0 0.625 0.375
202 D 20 0 16 4 0 0.8 0.2
203 D 27 0 22 5 0 0.814814814814815 0.185185185185185
204 D 36 0 27 9 0 0.75 0.25
205 D 29 0 17 12 0 0.586206896551724 0.413793103448276
206 D 35 0 15 20 0 0.428571428571429 0.571428571428571
207 D 22 0 13 9 0 0.590909090909091 0.409090909090909
208 D 18 0 7 11 0 0.388888888888889 0.611111111111111
209 D 29 0 3 26 0 0.103448275862069 0.896551724137931
210 D 24 1 8 15 0.0416666666666667 0.333333333333333 0.625
211 D 14 1 4 9 0.0714285714285714 0.285714285714286 0.642857142857143
212 D 24 1 6 17 0.0416666666666667 0.25 0.708333333333333
213 D 29 2 9 18 0.0689655172413793 0.310344827586207 0.620689655172414
214 D 17 1 6 10 0.0588235294117647 0.352941176470588 0.588235294117647
215 D 14 0 5 9 0 0.357142857142857 0.642857142857143
216 D 27 0 7 20 0 0.259259259259259 0.740740740740741
217 D 34 1 10 23 0.0294117647058824 0.294117647058824 0.676470588235294
218 D 33 0 15 18 0 0.454545454545455 0.545454545454545
219 D 39 0 19 20 0 0.487179487179487 0.512820512820513
220 D 31 4 14 13 0.129032258064516 0.451612903225806 0.419354838709677
221 D 19 1 11 7 0.0526315789473684 0.578947368421053 0.368421052631579
222 D 17 6 10 1 0.352941176470588 0.588235294117647 0.0588235294117647
223 D 28 8 17 3 0.285714285714286 0.607142857142857 0.107142857142857
224 D 12 5 7 0 0.416666666666667 0.583333333333333 0
225 D 21 9 12 0 0.428571428571429 0.571428571428571 0
226 D 33 12 19 2 0.363636363636364 0.575757575757576 0.0606060606060606
227 D 27 8 16 3 0.296296296296296 0.592592592592593 0.111111111111111
228 D 17 3 13 1 0.176470588235294 0.764705882352941 0.0588235294117647
229 D 23 5 15 3 0.217391304347826 0.652173913043478 0.130434782608696
230 D 37 5 26 6 0.135135135135135 0.702702702702703 0.162162162162162
231 D 19 1 16 2 0.0526315789473684 0.842105263157895 0.105263157894737
232 D 11 0 9 2 0 0.818181818181818 0.181818181818182
233 D 10 0 8 2 0 0.8 0.2
234 D 16 0 14 2 0 0.875 0.125
235 D 14 0 11 3 0 0.785714285714286 0.214285714285714
236 D 21 0 12 9 0 0.571428571428571 0.428571428571429
237 D 28 1 22 5 0.0357142857142857 0.785714285714286 0.178571428571429
238 D 15 1 7 7 0.0666666666666667 0.466666666666667 0.466666666666667
239 D 15 1 6 8 0.0666666666666667 0.4 0.533333333333333
240 D 18 0 3 15 0 0.166666666666667 0.833333333333333
241 D 12 1 4 7 0.0833333333333333 0.333333333333333 0.583333333333333
242 D 20 3 5 12 0.15 0.25 0.6
243 D 10 2 5 3 0.2 0.5 0.3
244 D 7 2 3 2 0.285714285714286 0.428571428571429 0.285714285714286
245 D 9 2 3 4 0.222222222222222 0.333333333333333 0.444444444444444
246 D 12 3 2 7 0.25 0.166666666666667 0.583333333333333
247 D 15 1 3 11 0.0666666666666667 0.2 0.733333333333333
248 D 19 0 3 16 0 0.157894736842105 0.842105263157895
249 D 19 1 6 12 0.0526315789473684 0.315789473684211 0.631578947368421
250 D 30 2 11 17 0.0666666666666667 0.366666666666667 0.566666666666667
251 D 29 2 19 8 0.0689655172413793 0.655172413793103 0.275862068965517
252 D 34 3 22 9 0.0882352941176471 0.647058823529412 0.264705882352941
253 D 28 1 11 16 0.0357142857142857 0.392857142857143 0.571428571428571
254 D 41 2 14 25 0.0487804878048781 0.341463414634146 0.609756097560976
255 D 44 3 16 25 0.0681818181818182 0.363636363636364 0.568181818181818
256 D 31 2 15 14 0.0645161290322581 0.483870967741935 0.451612903225806
257 D 31 1 13 17 0.032258064516129 0.419354838709677 0.548387096774194
258 D 29 1 18 10 0.0344827586206897 0.620689655172414 0.344827586206897
259 D 34 3 23 8 0.0882352941176471 0.676470588235294 0.235294117647059
260 D 39 3 22 14 0.0769230769230769 0.564102564102564 0.358974358974359
261 D 31 1 14 16 0.032258064516129 0.451612903225806 0.516129032258065
262 D 32 1 18 13 0.03125 0.5625 0.40625
263 D 33 4 22 7 0.121212121212121 0.666666666666667 0.212121212121212
264 D 44 2 30 12 0.0454545454545455 0.681818181818182 0.272727272727273
265 D 25 1 21 3 0.04 0.84 0.12
266 D 17 2 10 5 0.117647058823529 0.588235294117647 0.294117647058824
267 D 24 0 14 10 0 0.583333333333333 0.416666666666667
268 D 22 0 16 6 0 0.727272727272727 0.272727272727273
269 D 23 0 22 1 0 0.956521739130435 0.0434782608695652
270 D 21 0 21 0 0 1 0
271 D 20 1 18 1 0.05 0.9 0.05
272 D 25 3 19 3 0.12 0.76 0.12
273 D 33 3 23 7 0.0909090909090909 0.696969696969697 0.212121212121212
274 D 32 0 16 16 0 0.5 0.5
275 D 33 0 24 9 0 0.727272727272727 0.272727272727273
276 D 21 4 15 2 0.19047619047619 0.714285714285714 0.0952380952380952
277 D 32 5 22 5 0.15625 0.6875 0.15625
278 D 28 4 18 6 0.142857142857143 0.642857142857143 0.214285714285714
279 D 20 1 10 9 0.05 0.5 0.45
280 D 22 4 12 6 0.181818181818182 0.545454545454545 0.272727272727273
281 D 42 8 27 7 0.19047619047619 0.642857142857143 0.166666666666667
282 D 33 4 12 17 0.121212121212121 0.363636363636364 0.515151515151515
283 D 14 1 7 6 0.0714285714285714 0.5 0.428571428571429
284 D 17 3 9 5 0.176470588235294 0.529411764705882 0.294117647058824
285 D 21 3 7 11 0.142857142857143 0.333333333333333 0.523809523809524
286 D 13 1 6 6 0.0769230769230769 0.461538461538462 0.461538461538462
287 D 7 0 5 2 0 0.714285714285714 0.285714285714286
288 D 7 1 4 2 0.142857142857143 0.571428571428571 0.285714285714286
289 D 16 1 6 9 0.0625 0.375 0.5625
290 D 22 1 9 12 0.0454545454545455 0.409090909090909 0.545454545454545
291 D 15 1 10 4 0.0666666666666667 0.666666666666667 0.266666666666667
292 D 24 0 16 8 0 0.666666666666667 0.333333333333333
293 D 41 3 20 18 0.0731707317073171 0.48780487804878 0.439024390243902
294 D 30 0 18 12 0 0.6 0.4
295 D 24 4 15 5 0.166666666666667 0.625 0.208333333333333
296 D 34 4 24 6 0.117647058823529 0.705882352941177 0.176470588235294
297 D 31 4 18 9 0.129032258064516 0.580645161290323 0.290322580645161
298 D 43 0 26 17 0 0.604651162790698 0.395348837209302
299 D 51 1 27 23 0.0196078431372549 0.529411764705882 0.450980392156863
300 D 56 11 38 7 0.196428571428571 0.678571428571429 0.125
301 D 50 10 35 5 0.2 0.7 0.1
302 D 39 6 28 5 0.153846153846154 0.717948717948718 0.128205128205128
303 D 34 1 24 9 0.0294117647058824 0.705882352941177 0.264705882352941
304 D 43 2 25 16 0.0465116279069767 0.581395348837209 0.372093023255814
305 D 20 3 8 9 0.15 0.4 0.45
306 D 22 0 10 12 0 0.454545454545455 0.545454545454545
307 D 17 0 8 9 0 0.470588235294118 0.529411764705882
308 D 24 0 13 11 0 0.541666666666667 0.458333333333333
309 D 35 0 12 23 0 0.342857142857143 0.657142857142857
310 D 31 0 12 19 0 0.387096774193548 0.612903225806452
311 D 25 0 13 12 0 0.52 0.48
312 D 34 1 16 17 0.0294117647058824 0.470588235294118 0.5
313 D 33 1 12 20 0.0303030303030303 0.363636363636364 0.606060606060606
314 D 26 3 11 12 0.115384615384615 0.423076923076923 0.461538461538462
315 D 18 1 10 7 0.0555555555555556 0.555555555555556 0.388888888888889
316 D 26 1 15 10 0.0384615384615385 0.576923076923077 0.384615384615385
317 D 28 1 13 14 0.0357142857142857 0.464285714285714 0.5
318 D 18 0 9 9 0 0.5 0.5
319 D 10 0 6 4 0 0.6 0.4
320 D 10 0 4 6 0 0.4 0.6
321 D 12 0 6 6 0 0.5 0.5
322 D 6 1 5 0 0.166666666666667 0.833333333333333 0
323 D 6 1 5 0 0.166666666666667 0.833333333333333 0
324 D 3 2 1 0 0.666666666666667 0.333333333333333 0
325 D 12 2 8 2 0.166666666666667 0.666666666666667 0.166666666666667
326 D 10 2 4 4 0.2 0.4 0.4
327 D 22 3 9 10 0.136363636363636 0.409090909090909 0.454545454545455
328 D 20 6 11 3 0.3 0.55 0.15
329 D 29 3 11 15 0.103448275862069 0.379310344827586 0.517241379310345
330 D 20 0 11 9 0 0.55 0.45
331 D 29 0 18 11 0 0.620689655172414 0.379310344827586
332 D 19 4 15 0 0.210526315789474 0.789473684210526 0
333 D 5 1 4 0 0.2 0.8 0
334 D 15 8 6 1 0.533333333333333 0.4 0.0666666666666667
335 D 42 13 29 0 0.30952380952381 0.69047619047619 0
336 D 36 15 20 1 0.416666666666667 0.555555555555556 0.0277777777777778
337 D 37 15 19 3 0.405405405405405 0.513513513513513 0.0810810810810811
338 D 61 6 42 13 0.0983606557377049 0.688524590163934 0.213114754098361
339 D 56 3 33 20 0.0535714285714286 0.589285714285714 0.357142857142857
340 D 55 6 32 17 0.109090909090909 0.581818181818182 0.309090909090909
341 D 50 2 31 17 0.04 0.62 0.34
342 D 61 0 32 29 0 0.524590163934426 0.475409836065574
343 D 65 0 29 36 0 0.446153846153846 0.553846153846154
344 D 60 0 34 26 0 0.566666666666667 0.433333333333333
345 D 39 0 21 18 0 0.538461538461538 0.461538461538462
346 D 35 0 13 22 0 0.371428571428571 0.628571428571429
347 D 47 1 22 24 0.0212765957446809 0.468085106382979 0.51063829787234
348 D 31 1 21 9 0.032258064516129 0.67741935483871 0.290322580645161
349 D 17 0 6 11 0 0.352941176470588 0.647058823529412
350 D 9 0 6 3 0 0.666666666666667 0.333333333333333
351 D 7 0 5 2 0 0.714285714285714 0.285714285714286
352 D 13 0 6 7 0 0.461538461538462 0.538461538461538
353 D 15 1 12 2 0.0666666666666667 0.8 0.133333333333333
354 D 7 0 5 2 0 0.714285714285714 0.285714285714286
355 D 11 1 4 6 0.0909090909090909 0.363636363636364 0.545454545454545
356 D 19 0 10 9 0 0.526315789473684 0.473684210526316
357 D 23 1 7 15 0.0434782608695652 0.304347826086957 0.652173913043478
358 D 30 2 14 14 0.0666666666666667 0.466666666666667 0.466666666666667
359 D 20 4 11 5 0.2 0.55 0.25
360 D 13 6 6 1 0.461538461538462 0.461538461538462 0.0769230769230769
361 D 18 10 5 3 0.555555555555556 0.277777777777778 0.166666666666667
362 D 29 15 10 4 0.517241379310345 0.344827586206897 0.137931034482759
363 D 13 10 3 0 0.769230769230769 0.230769230769231 0
364 D 11 9 2 0 0.818181818181818 0.181818181818182 0
365 D 18 11 5 2 0.611111111111111 0.277777777777778 0.111111111111111
366 D 18 7 7 4 0.388888888888889 0.388888888888889 0.222222222222222
367 D 25 5 14 6 0.2 0.56 0.24
368 D 21 3 12 6 0.142857142857143 0.571428571428571 0.285714285714286
369 D 23 4 12 7 0.173913043478261 0.521739130434783 0.304347826086957
370 D 31 2 12 17 0.0645161290322581 0.387096774193548 0.548387096774194
371 D 23 1 12 10 0.0434782608695652 0.521739130434783 0.434782608695652
372 D 10 1 7 2 0.1 0.7 0.2
373 D 9 3 4 2 0.333333333333333 0.444444444444444 0.222222222222222
374 D 9 2 2 5 0.222222222222222 0.222222222222222 0.555555555555556
375 D 6 2 1 3 0.333333333333333 0.166666666666667 0.5
1 E 10 5 5 0 0.5 0.5 0
2 E 5 2 3 0 0.4 0.6 0
3 E 5 3 2 0 0.6 0.4 0
4 E 8 3 5 0 0.375 0.625 0
5 E 19 4 14 1 0.210526315789474 0.736842105263158 0.0526315789473684
6 E 25 3 19 3 0.12 0.76 0.12
7 E 52 2 34 16 0.0384615384615385 0.653846153846154 0.307692307692308
8 E 47 1 24 22 0.0212765957446809 0.51063829787234 0.468085106382979
9 E 49 1 18 30 0.0204081632653061 0.36734693877551 0.612244897959184
10 E 40 2 15 23 0.05 0.375 0.575
11 E 44 5 25 14 0.113636363636364 0.568181818181818 0.318181818181818
12 E 33 6 20 7 0.181818181818182 0.606060606060606 0.212121212121212
13 E 33 3 23 7 0.0909090909090909 0.696969696969697 0.212121212121212
14 E 46 0 37 9 0 0.804347826086957 0.195652173913043
15 E 33 3 25 5 0.0909090909090909 0.757575757575758 0.151515151515152
16 E 26 2 18 6 0.0769230769230769 0.692307692307692 0.230769230769231
17 E 38 3 21 14 0.0789473684210526 0.552631578947368 0.368421052631579
18 E 43 6 25 12 0.13953488372093 0.581395348837209 0.27906976744186
19 E 50 4 26 20 0.08 0.52 0.4
20 E 47 3 28 16 0.0638297872340425 0.595744680851064 0.340425531914894
21 E 42 0 29 13 0 0.69047619047619 0.30952380952381
22 E 49 0 35 14 0 0.714285714285714 0.285714285714286
23 E 42 0 27 15 0 0.642857142857143 0.357142857142857
24 E 19 2 14 3 0.105263157894737 0.736842105263158 0.157894736842105
25 E 9 4 2 3 0.444444444444444 0.222222222222222 0.333333333333333
26 E 16 7 5 4 0.4375 0.3125 0.25
27 E 32 6 21 5 0.1875 0.65625 0.15625
28 E 19 2 15 2 0.105263157894737 0.789473684210526 0.105263157894737
29 E 22 1 13 8 0.0454545454545455 0.590909090909091 0.363636363636364
30 E 21 1 8 12 0.0476190476190476 0.380952380952381 0.571428571428571
31 E 21 3 5 13 0.142857142857143 0.238095238095238 0.619047619047619
32 E 23 6 10 7 0.260869565217391 0.434782608695652 0.304347826086957
33 E 31 2 19 10 0.0645161290322581 0.612903225806452 0.32258064516129
34 E 37 1 17 19 0.027027027027027 0.459459459459459 0.513513513513513
35 E 38 5 14 19 0.131578947368421 0.368421052631579 0.5
36 E 32 2 18 12 0.0625 0.5625 0.375
37 E 19 1 13 5 0.0526315789473684 0.684210526315789 0.263157894736842
38 E 24 2 13 9 0.0833333333333333 0.541666666666667 0.375
39 E 15 0 10 5 0 0.666666666666667 0.333333333333333
40 E 16 2 12 2 0.125 0.75 0.125
41 E 17 3 13 1 0.176470588235294 0.764705882352941 0.0588235294117647
42 E 32 1 23 8 0.03125 0.71875 0.25
43 E 26 0 11 15 0 0.423076923076923 0.576923076923077
44 E 35 0 17 18 0 0.485714285714286 0.514285714285714
45 E 24 0 12 12 0 0.5 0.5
46 E 15 0 8 7 0 0.533333333333333 0.466666666666667
47 E 18 0 13 5 0 0.722222222222222 0.277777777777778
48 E 26 0 22 4 0 0.846153846153846 0.153846153846154
49 E 15 1 11 3 0.0666666666666667 0.733333333333333 0.2
50 E 7 1 5 1 0.142857142857143 0.714285714285714 0.142857142857143
51 E 12 2 8 2 0.166666666666667 0.666666666666667 0.166666666666667
52 E 28 6 12 10 0.214285714285714 0.428571428571429 0.357142857142857
53 E 37 10 15 12 0.27027027027027 0.405405405405405 0.324324324324324
54 E 47 5 18 24 0.106382978723404 0.382978723404255 0.51063829787234
55 E 48 8 24 16 0.166666666666667 0.5 0.333333333333333
56 E 21 6 10 5 0.285714285714286 0.476190476190476 0.238095238095238
57 E 20 7 12 1 0.35 0.6 0.05
58 E 43 10 22 11 0.232558139534884 0.511627906976744 0.255813953488372
59 E 33 6 18 9 0.181818181818182 0.545454545454545 0.272727272727273
60 E 14 4 7 3 0.285714285714286 0.5 0.214285714285714
61 E 25 6 12 7 0.24 0.48 0.28
62 E 41 6 18 17 0.146341463414634 0.439024390243902 0.414634146341463
63 E 46 5 27 14 0.108695652173913 0.58695652173913 0.304347826086957
64 E 37 3 18 16 0.0810810810810811 0.486486486486487 0.432432432432432
65 E 38 1 19 18 0.0263157894736842 0.5 0.473684210526316
66 E 31 0 21 10 0 0.67741935483871 0.32258064516129
67 E 34 0 19 15 0 0.558823529411765 0.441176470588235
68 E 21 2 10 9 0.0952380952380952 0.476190476190476 0.428571428571429
69 E 21 4 12 5 0.19047619047619 0.571428571428571 0.238095238095238
70 E 38 9 22 7 0.236842105263158 0.578947368421053 0.184210526315789
71 E 35 3 20 12 0.0857142857142857 0.571428571428571 0.342857142857143
72 E 32 2 21 9 0.0625 0.65625 0.28125
73 E 40 2 29 9 0.05 0.725 0.225
74 E 50 2 33 15 0.04 0.66 0.3
75 E 30 1 18 11 0.0333333333333333 0.6 0.366666666666667
76 E 25 4 12 9 0.16 0.48 0.36
77 E 13 2 9 2 0.153846153846154 0.692307692307692 0.153846153846154
78 E 23 9 11 3 0.391304347826087 0.478260869565217 0.130434782608696
79 E 21 7 11 3 0.333333333333333 0.523809523809524 0.142857142857143
80 E 13 7 5 1 0.538461538461538 0.384615384615385 0.0769230769230769
81 E 21 9 9 3 0.428571428571429 0.428571428571429 0.142857142857143
82 E 35 10 16 9 0.285714285714286 0.457142857142857 0.257142857142857
83 E 26 8 14 4 0.307692307692308 0.538461538461538 0.153846153846154
84 E 28 5 14 9 0.178571428571429 0.5 0.321428571428571
85 E 43 1 23 19 0.0232558139534884 0.534883720930233 0.441860465116279
86 E 25 3 18 4 0.12 0.72 0.16
87 E 22 1 18 3 0.0454545454545455 0.818181818181818 0.136363636363636
88 E 26 2 15 9 0.0769230769230769 0.576923076923077 0.346153846153846
89 E 33 1 21 11 0.0303030303030303 0.636363636363636 0.333333333333333
90 E 28 2 18 8 0.0714285714285714 0.642857142857143 0.285714285714286
91 E 21 3 14 4 0.142857142857143 0.666666666666667 0.19047619047619
92 E 13 1 10 2 0.0769230769230769 0.769230769230769 0.153846153846154
93 E 20 2 14 4 0.1 0.7 0.2
94 E 20 1 10 9 0.05 0.5 0.45
95 E 13 1 7 5 0.0769230769230769 0.538461538461538 0.384615384615385
96 E 16 2 8 6 0.125 0.5 0.375
97 E 18 6 9 3 0.333333333333333 0.5 0.166666666666667
98 E 32 7 19 6 0.21875 0.59375 0.1875
99 E 22 10 9 3 0.454545454545455 0.409090909090909 0.136363636363636
100 E 20 10 9 1 0.5 0.45 0.05
101 E 36 8 20 8 0.222222222222222 0.555555555555556 0.222222222222222
102 E 42 5 29 8 0.119047619047619 0.69047619047619 0.19047619047619
103 E 39 0 25 14 0 0.641025641025641 0.358974358974359
104 E 38 0 11 27 0 0.289473684210526 0.710526315789474
105 E 29 0 5 24 0 0.172413793103448 0.827586206896552
106 E 32 1 15 16 0.03125 0.46875 0.5
107 E 24 7 11 6 0.291666666666667 0.458333333333333 0.25
108 E 30 9 16 5 0.3 0.533333333333333 0.166666666666667
109 E 19 6 10 3 0.315789473684211 0.526315789473684 0.157894736842105
110 E 8 1 4 3 0.125 0.5 0.375
111 E 15 7 8 0 0.466666666666667 0.533333333333333 0
112 E 11 4 6 1 0.363636363636364 0.545454545454545 0.0909090909090909
113 E 17 3 13 1 0.176470588235294 0.764705882352941 0.0588235294117647
114 E 20 4 14 2 0.2 0.7 0.1
115 E 32 7 19 6 0.21875 0.59375 0.1875
116 E 35 1 23 11 0.0285714285714286 0.657142857142857 0.314285714285714
117 E 36 2 27 7 0.0555555555555556 0.75 0.194444444444444
118 E 22 2 17 3 0.0909090909090909 0.772727272727273 0.136363636363636
119 E 25 0 17 8 0 0.68 0.32
120 E 31 1 20 10 0.032258064516129 0.645161290322581 0.32258064516129
121 E 25 5 18 2 0.2 0.72 0.08
122 E 24 2 17 5 0.0833333333333333 0.708333333333333 0.208333333333333
123 E 36 0 22 14 0 0.611111111111111 0.388888888888889
124 E 36 3 20 13 0.0833333333333333 0.555555555555556 0.361111111111111
125 E 19 4 11 4 0.210526315789474 0.578947368421053 0.210526315789474
126 E 14 1 9 4 0.0714285714285714 0.642857142857143 0.285714285714286
127 E 24 3 13 8 0.125 0.541666666666667 0.333333333333333
128 E 23 4 11 8 0.173913043478261 0.478260869565217 0.347826086956522
129 E 41 5 19 17 0.121951219512195 0.463414634146341 0.414634146341463
130 E 29 8 15 6 0.275862068965517 0.517241379310345 0.206896551724138
131 E 32 2 18 12 0.0625 0.5625 0.375
132 E 41 1 15 25 0.024390243902439 0.365853658536585 0.609756097560976
133 E 24 0 4 20 0 0.166666666666667 0.833333333333333
134 E 24 0 2 22 0 0.0833333333333333 0.916666666666667
135 E 22 0 4 18 0 0.181818181818182 0.818181818181818
136 E 21 2 7 12 0.0952380952380952 0.333333333333333 0.571428571428571
137 E 34 5 17 12 0.147058823529412 0.5 0.352941176470588
138 E 46 3 20 23 0.0652173913043478 0.434782608695652 0.5
139 E 30 0 5 25 0 0.166666666666667 0.833333333333333
140 E 45 0 18 27 0 0.4 0.6
141 E 63 2 40 21 0.0317460317460317 0.634920634920635 0.333333333333333
142 E 39 0 18 21 0 0.461538461538462 0.538461538461538
143 E 26 0 12 14 0 0.461538461538462 0.538461538461538
144 E 32 0 22 10 0 0.6875 0.3125
145 E 21 1 14 6 0.0476190476190476 0.666666666666667 0.285714285714286
146 E 30 1 18 11 0.0333333333333333 0.6 0.366666666666667
147 E 12 0 7 5 0 0.583333333333333 0.416666666666667
148 E 19 0 13 6 0 0.684210526315789 0.315789473684211
149 E 34 0 24 10 0 0.705882352941177 0.294117647058824
150 E 46 3 26 17 0.0652173913043478 0.565217391304348 0.369565217391304
151 E 40 3 14 23 0.075 0.35 0.575
152 E 43 0 19 24 0 0.441860465116279 0.558139534883721
153 E 37 3 21 13 0.0810810810810811 0.567567567567568 0.351351351351351
154 E 52 9 36 7 0.173076923076923 0.692307692307692 0.134615384615385
155 E 49 1 40 8 0.0204081632653061 0.816326530612245 0.163265306122449
156 E 52 0 45 7 0 0.865384615384615 0.134615384615385
157 E 46 1 35 10 0.0217391304347826 0.760869565217391 0.217391304347826
158 E 56 2 40 14 0.0357142857142857 0.714285714285714 0.25
159 E 51 0 37 14 0 0.725490196078431 0.274509803921569
160 E 41 2 29 10 0.0487804878048781 0.707317073170732 0.24390243902439
161 E 39 4 28 7 0.102564102564103 0.717948717948718 0.179487179487179
162 E 38 4 22 12 0.105263157894737 0.578947368421053 0.315789473684211
163 E 37 3 16 18 0.0810810810810811 0.432432432432432 0.486486486486487
164 E 39 6 16 17 0.153846153846154 0.41025641025641 0.435897435897436
165 E 31 2 8 21 0.0645161290322581 0.258064516129032 0.67741935483871
166 E 28 1 15 12 0.0357142857142857 0.535714285714286 0.428571428571429
167 E 15 0 11 4 0 0.733333333333333 0.266666666666667
168 E 11 0 7 4 0 0.636363636363636 0.363636363636364
169 E 10 0 5 5 0 0.5 0.5
170 E 16 1 7 8 0.0625 0.4375 0.5
171 E 15 1 7 7 0.0666666666666667 0.466666666666667 0.466666666666667
172 E 12 1 4 7 0.0833333333333333 0.333333333333333 0.583333333333333
173 E 14 1 8 5 0.0714285714285714 0.571428571428571 0.357142857142857
174 E 26 2 18 6 0.0769230769230769 0.692307692307692 0.230769230769231
175 E 28 0 15 13 0 0.535714285714286 0.464285714285714
176 E 22 1 16 5 0.0454545454545455 0.727272727272727 0.227272727272727
177 E 20 0 12 8 0 0.6 0.4
178 E 31 3 17 11 0.0967741935483871 0.548387096774194 0.354838709677419
179 E 23 6 7 10 0.260869565217391 0.304347826086957 0.434782608695652
180 E 38 2 14 22 0.0526315789473684 0.368421052631579 0.578947368421053
181 E 54 1 30 23 0.0185185185185185 0.555555555555556 0.425925925925926
182 E 46 1 26 19 0.0217391304347826 0.565217391304348 0.41304347826087
183 E 34 1 16 17 0.0294117647058824 0.470588235294118 0.5
184 E 24 1 11 12 0.0416666666666667 0.458333333333333 0.5
185 E 35 0 15 20 0 0.428571428571429 0.571428571428571
186 E 37 1 13 23 0.027027027027027 0.351351351351351 0.621621621621622
187 E 20 0 9 11 0 0.45 0.55
188 E 20 0 6 14 0 0.3 0.7
189 E 27 0 5 22 0 0.185185185185185 0.814814814814815
190 E 25 0 3 22 0 0.12 0.88
191 E 15 0 6 9 0 0.4 0.6
192 E 18 0 6 12 0 0.333333333333333 0.666666666666667
193 E 27 0 13 14 0 0.481481481481481 0.518518518518518
194 E 32 4 19 9 0.125 0.59375 0.28125
195 E 25 0 17 8 0 0.68 0.32
196 E 24 3 14 7 0.125 0.583333333333333 0.291666666666667
197 E 20 6 12 2 0.3 0.6 0.1
198 E 16 2 10 4 0.125 0.625 0.25
199 E 13 3 9 1 0.230769230769231 0.692307692307692 0.0769230769230769
200 E 20 1 8 11 0.05 0.4 0.55
201 E 17 1 11 5 0.0588235294117647 0.647058823529412 0.294117647058824
202 E 21 0 17 4 0 0.80952380952381 0.19047619047619
203 E 28 0 21 7 0 0.75 0.25
204 E 44 4 28 12 0.0909090909090909 0.636363636363636 0.272727272727273
205 E 40 4 19 17 0.1 0.475 0.425
206 E 34 0 15 19 0 0.441176470588235 0.558823529411765
207 E 23 2 11 10 0.0869565217391304 0.478260869565217 0.434782608695652
208 E 22 1 7 14 0.0454545454545455 0.318181818181818 0.636363636363636
209 E 32 0 3 29 0 0.09375 0.90625
210 E 28 2 8 18 0.0714285714285714 0.285714285714286 0.642857142857143
211 E 12 1 4 7 0.0833333333333333 0.333333333333333 0.583333333333333
212 E 27 1 6 20 0.037037037037037 0.222222222222222 0.740740740740741
213 E 27 3 9 15 0.111111111111111 0.333333333333333 0.555555555555556
214 E 16 1 5 10 0.0625 0.3125 0.625
215 E 12 0 4 8 0 0.333333333333333 0.666666666666667
216 E 24 0 7 17 0 0.291666666666667 0.708333333333333
217 E 32 2 9 21 0.0625 0.28125 0.65625
218 E 33 1 16 16 0.0303030303030303 0.484848484848485 0.484848484848485
219 E 41 1 20 20 0.024390243902439 0.48780487804878 0.48780487804878
220 E 32 4 15 13 0.125 0.46875 0.40625
221 E 20 1 11 8 0.05 0.55 0.4
222 E 18 9 8 1 0.5 0.444444444444444 0.0555555555555556
223 E 25 10 12 3 0.4 0.48 0.12
224 E 15 11 4 0 0.733333333333333 0.266666666666667 0
225 E 20 11 9 0 0.55 0.45 0
226 E 35 13 20 2 0.371428571428571 0.571428571428571 0.0571428571428571
227 E 28 10 14 4 0.357142857142857 0.5 0.142857142857143
228 E 15 4 9 2 0.266666666666667 0.6 0.133333333333333
229 E 24 5 15 4 0.208333333333333 0.625 0.166666666666667
230 E 32 4 22 6 0.125 0.6875 0.1875
231 E 18 1 14 3 0.0555555555555556 0.777777777777778 0.166666666666667
232 E 10 0 8 2 0 0.8 0.2
233 E 11 0 9 2 0 0.818181818181818 0.181818181818182
234 E 15 0 13 2 0 0.866666666666667 0.133333333333333
235 E 14 0 12 2 0 0.857142857142857 0.142857142857143
236 E 21 0 12 9 0 0.571428571428571 0.428571428571429
237 E 25 0 20 5 0 0.8 0.2
238 E 13 0 7 6 0 0.538461538461538 0.461538461538462
239 E 16 0 6 10 0 0.375 0.625
240 E 21 0 5 16 0 0.238095238095238 0.761904761904762
241 E 14 0 7 7 0 0.5 0.5
242 E 21 1 11 9 0.0476190476190476 0.523809523809524 0.428571428571429
243 E 18 4 14 0 0.222222222222222 0.777777777777778 0
244 E 26 5 20 1 0.192307692307692 0.769230769230769 0.0384615384615385
245 E 25 5 18 2 0.2 0.72 0.08
246 E 17 4 10 3 0.235294117647059 0.588235294117647 0.176470588235294
247 E 20 1 8 11 0.05 0.4 0.55
248 E 19 0 4 15 0 0.210526315789474 0.789473684210526
249 E 19 0 7 12 0 0.368421052631579 0.631578947368421
250 E 31 1 15 15 0.032258064516129 0.483870967741935 0.483870967741935
251 E 29 1 22 6 0.0344827586206897 0.758620689655172 0.206896551724138
252 E 29 2 21 6 0.0689655172413793 0.724137931034483 0.206896551724138
253 E 28 1 14 13 0.0357142857142857 0.5 0.464285714285714
254 E 41 1 19 21 0.024390243902439 0.463414634146341 0.51219512195122
255 E 42 1 18 23 0.0238095238095238 0.428571428571429 0.547619047619048
256 E 30 1 16 13 0.0333333333333333 0.533333333333333 0.433333333333333
257 E 30 1 13 16 0.0333333333333333 0.433333333333333 0.533333333333333
258 E 30 1 19 10 0.0333333333333333 0.633333333333333 0.333333333333333
259 E 32 3 23 6 0.09375 0.71875 0.1875
260 E 37 3 20 14 0.0810810810810811 0.540540540540541 0.378378378378378
261 E 33 1 12 20 0.0303030303030303 0.363636363636364 0.606060606060606
262 E 30 2 17 11 0.0666666666666667 0.566666666666667 0.366666666666667
263 E 29 5 19 5 0.172413793103448 0.655172413793103 0.172413793103448
264 E 43 4 27 12 0.0930232558139535 0.627906976744186 0.27906976744186
265 E 23 5 15 3 0.217391304347826 0.652173913043478 0.130434782608696
266 E 17 2 10 5 0.117647058823529 0.588235294117647 0.294117647058824
267 E 22 0 13 9 0 0.590909090909091 0.409090909090909
268 E 19 0 13 6 0 0.684210526315789 0.315789473684211
269 E 18 1 14 3 0.0555555555555556 0.777777777777778 0.166666666666667
270 E 17 5 11 1 0.294117647058824 0.647058823529412 0.0588235294117647
271 E 14 3 9 2 0.214285714285714 0.642857142857143 0.142857142857143
272 E 29 4 18 7 0.137931034482759 0.620689655172414 0.241379310344828
273 E 35 3 23 9 0.0857142857142857 0.657142857142857 0.257142857142857
274 E 32 0 15 17 0 0.46875 0.53125
275 E 36 0 27 9 0 0.75 0.25
276 E 24 3 20 1 0.125 0.833333333333333 0.0416666666666667
277 E 34 5 25 4 0.147058823529412 0.735294117647059 0.117647058823529
278 E 31 3 20 8 0.0967741935483871 0.645161290322581 0.258064516129032
279 E 23 0 13 10 0 0.565217391304348 0.434782608695652
280 E 20 3 13 4 0.15 0.65 0.2
281 E 43 6 28 9 0.13953488372093 0.651162790697674 0.209302325581395
282 E 32 2 14 16 0.0625 0.4375 0.5
283 E 14 1 7 6 0.0714285714285714 0.5 0.428571428571429
284 E 16 2 9 5 0.125 0.5625 0.3125
285 E 23 1 10 12 0.0434782608695652 0.434782608695652 0.521739130434783
286 E 14 1 6 7 0.0714285714285714 0.428571428571429 0.5
287 E 9 1 3 5 0.111111111111111 0.333333333333333 0.555555555555556
288 E 8 2 3 3 0.25 0.375 0.375
289 E 17 2 7 8 0.117647058823529 0.411764705882353 0.470588235294118
290 E 21 1 10 10 0.0476190476190476 0.476190476190476 0.476190476190476
291 E 15 0 11 4 0 0.733333333333333 0.266666666666667
292 E 24 0 17 7 0 0.708333333333333 0.291666666666667
293 E 44 3 23 18 0.0681818181818182 0.522727272727273 0.409090909090909
294 E 31 1 17 13 0.032258064516129 0.548387096774194 0.419354838709677
295 E 24 5 14 5 0.208333333333333 0.583333333333333 0.208333333333333
296 E 34 5 23 6 0.147058823529412 0.676470588235294 0.176470588235294
297 E 33 5 19 9 0.151515151515152 0.575757575757576 0.272727272727273
298 E 42 0 25 17 0 0.595238095238095 0.404761904761905
299 E 53 1 30 22 0.0188679245283019 0.566037735849057 0.415094339622642
300 E 57 11 40 6 0.192982456140351 0.701754385964912 0.105263157894737
301 E 51 10 35 6 0.196078431372549 0.686274509803922 0.117647058823529
302 E 35 6 24 5 0.171428571428571 0.685714285714286 0.142857142857143
303 E 35 1 25 9 0.0285714285714286 0.714285714285714 0.257142857142857
304 E 44 2 28 14 0.0454545454545455 0.636363636363636 0.318181818181818
305 E 19 3 7 9 0.157894736842105 0.368421052631579 0.473684210526316
306 E 22 1 9 12 0.0454545454545455 0.409090909090909 0.545454545454545
307 E 18 1 7 10 0.0555555555555556 0.388888888888889 0.555555555555556
308 E 22 0 12 10 0 0.545454545454545 0.454545454545455
309 E 35 0 12 23 0 0.342857142857143 0.657142857142857
310 E 32 0 12 20 0 0.375 0.625
311 E 23 0 12 11 0 0.521739130434783 0.478260869565217
312 E 32 1 15 16 0.03125 0.46875 0.5
313 E 34 1 11 22 0.0294117647058824 0.323529411764706 0.647058823529412
314 E 28 3 11 14 0.107142857142857 0.392857142857143 0.5
315 E 19 1 10 8 0.0526315789473684 0.526315789473684 0.421052631578947
316 E 24 1 16 7 0.0416666666666667 0.666666666666667 0.291666666666667
317 E 32 1 15 16 0.03125 0.46875 0.5
318 E 18 0 9 9 0 0.5 0.5
319 E 11 0 7 4 0 0.636363636363636 0.363636363636364
320 E 9 0 4 5 0 0.444444444444444 0.555555555555556
321 E 14 0 6 8 0 0.428571428571429 0.571428571428571
322 E 7 1 5 1 0.142857142857143 0.714285714285714 0.142857142857143
323 E 5 1 4 0 0.2 0.8 0
324 E 3 2 1 0 0.666666666666667 0.333333333333333 0
325 E 13 2 8 3 0.153846153846154 0.615384615384615 0.230769230769231
326 E 11 2 5 4 0.181818181818182 0.454545454545455 0.363636363636364
327 E 23 4 8 11 0.173913043478261 0.347826086956522 0.478260869565217
328 E 20 7 9 4 0.35 0.45 0.2
329 E 30 3 12 15 0.1 0.4 0.5
330 E 19 0 12 7 0 0.631578947368421 0.368421052631579
331 E 30 1 16 13 0.0333333333333333 0.533333333333333 0.433333333333333
332 E 18 3 15 0 0.166666666666667 0.833333333333333 0
333 E 7 4 3 0 0.571428571428571 0.428571428571429 0
334 E 16 9 6 1 0.5625 0.375 0.0625
335 E 44 14 30 0 0.318181818181818 0.681818181818182 0
336 E 36 12 23 1 0.333333333333333 0.638888888888889 0.0277777777777778
337 E 31 10 18 3 0.32258064516129 0.580645161290323 0.0967741935483871
338 E 57 4 39 14 0.0701754385964912 0.684210526315789 0.245614035087719
339 E 51 2 29 20 0.0392156862745098 0.568627450980392 0.392156862745098
340 E 54 3 33 18 0.0555555555555556 0.611111111111111 0.333333333333333
341 E 51 1 31 19 0.0196078431372549 0.607843137254902 0.372549019607843
342 E 56 0 31 25 0 0.553571428571429 0.446428571428571
343 E 67 0 33 34 0 0.492537313432836 0.507462686567164
344 E 66 0 35 31 0 0.53030303030303 0.46969696969697
345 E 41 0 20 21 0 0.48780487804878 0.51219512195122
346 E 34 0 13 21 0 0.382352941176471 0.617647058823529
347 E 49 1 21 27 0.0204081632653061 0.428571428571429 0.551020408163265
348 E 33 1 19 13 0.0303030303030303 0.575757575757576 0.393939393939394
349 E 17 0 8 9 0 0.470588235294118 0.529411764705882
350 E 10 0 8 2 0 0.8 0.2
351 E 8 0 6 2 0 0.75 0.25
352 E 13 0 8 5 0 0.615384615384615 0.384615384615385
353 E 12 1 10 1 0.0833333333333333 0.833333333333333 0.0833333333333333
354 E 7 0 5 2 0 0.714285714285714 0.285714285714286
355 E 11 0 6 5 0 0.545454545454545 0.454545454545455
356 E 19 0 10 9 0 0.526315789473684 0.473684210526316
357 E 22 1 7 14 0.0454545454545455 0.318181818181818 0.636363636363636
358 E 28 2 14 12 0.0714285714285714 0.5 0.428571428571429
359 E 19 3 12 4 0.157894736842105 0.631578947368421 0.210526315789474
360 E 13 6 6 1 0.461538461538462 0.461538461538462 0.0769230769230769
361 E 20 9 8 3 0.45 0.4 0.15
362 E 34 13 14 7 0.382352941176471 0.411764705882353 0.205882352941176
363 E 18 12 6 0 0.666666666666667 0.333333333333333 0
364 E 11 7 4 0 0.636363636363636 0.363636363636364 0
365 E 19 10 6 3 0.526315789473684 0.315789473684211 0.157894736842105
366 E 16 6 5 5 0.375 0.3125 0.3125
367 E 23 5 8 10 0.217391304347826 0.347826086956522 0.434782608695652
368 E 20 3 9 8 0.15 0.45 0.4
369 E 26 5 9 12 0.192307692307692 0.346153846153846 0.461538461538462
370 E 35 3 11 21 0.0857142857142857 0.314285714285714 0.6
371 E 24 2 9 13 0.0833333333333333 0.375 0.541666666666667
372 E 14 4 6 4 0.285714285714286 0.428571428571429 0.285714285714286
373 E 10 3 4 3 0.3 0.4 0.3
374 E 12 3 3 6 0.25 0.25 0.5
375 E 8 3 2 3 0.375 0.25 0.375
