#Residue Chain TotalDensity HighlyFrustratedDensity NeutrallyFrustratedDensity MinimallyFrustratedDensity relHighlyFrustratedDensity relNeutrallyFrustratedDensity relMinimallyFrustratedDensity
1 H 2 0 1 1 0 0.5 0.5
2 H 10 0 3 7 0 0.3 0.7
3 H 12 1 3 8 0.0833333333333333 0.25 0.666666666666667
4 H 19 0 4 15 0 0.210526315789474 0.789473684210526
5 H 25 0 6 19 0 0.24 0.76
6 H 35 1 13 21 0.0285714285714286 0.371428571428571 0.6
7 H 28 5 14 9 0.178571428571429 0.5 0.321428571428571
8 H 35 2 21 12 0.0571428571428571 0.6 0.342857142857143
9 H 39 1 13 25 0.0256410256410256 0.333333333333333 0.641025641025641
10 H 53 0 11 42 0 0.207547169811321 0.792452830188679
11 H 44 0 10 34 0 0.227272727272727 0.772727272727273
12 H 40 0 17 23 0 0.425 0.575
13 H 30 3 21 6 0.1 0.7 0.2
14 H 15 5 8 2 0.333333333333333 0.533333333333333 0.133333333333333
15 H 16 0 10 6 0 0.625 0.375
16 H 18 0 4 14 0 0.222222222222222 0.777777777777778
17 H 32 0 7 25 0 0.21875 0.78125
18 H 23 0 8 15 0 0.347826086956522 0.652173913043478
19 H 46 1 24 21 0.0217391304347826 0.521739130434783 0.456521739130435
20 H 18 0 7 11 0 0.388888888888889 0.611111111111111
21 H 23 2 13 8 0.0869565217391304 0.565217391304348 0.347826086956522
22 H 20 1 5 14 0.05 0.25 0.7
23 H 23 0 5 18 0 0.217391304347826 0.782608695652174
24 H 13 0 3 10 0 0.230769230769231 0.769230769230769
25 H 17 0 6 11 0 0.352941176470588 0.647058823529412
26 H 12 0 2 10 0 0.166666666666667 0.833333333333333
27 H 14 0 8 6 0 0.571428571428571 0.428571428571429
28 H 9 0 8 1 0 0.888888888888889 0.111111111111111
29 H 27 3 19 5 0.111111111111111 0.703703703703704 0.185185185185185
30 H 22 2 16 4 0.0909090909090909 0.727272727272727 0.181818181818182
31 H 27 2 17 8 0.0740740740740741 0.62962962962963 0.296296296296296
32 H 17 0 10 7 0 0.588235294117647 0.411764705882353
33 H 14 0 8 6 0 0.571428571428571 0.428571428571429
34 H 27 2 15 10 0.0740740740740741 0.555555555555556 0.37037037037037
35 H 12 2 5 5 0.166666666666667 0.416666666666667 0.416666666666667
36 H 15 6 4 5 0.4 0.266666666666667 0.333333333333333
37 H 29 6 14 9 0.206896551724138 0.482758620689655 0.310344827586207
38 H 23 3 14 6 0.130434782608696 0.608695652173913 0.260869565217391
39 H 17 0 11 6 0 0.647058823529412 0.352941176470588
40 H 14 1 8 5 0.0714285714285714 0.571428571428571 0.357142857142857
41 H 14 3 9 2 0.214285714285714 0.642857142857143 0.142857142857143
42 H 18 8 9 1 0.444444444444444 0.5 0.0555555555555556
43 H 9 4 5 0 0.444444444444444 0.555555555555556 0
44 H 8 5 3 0 0.625 0.375 0
45 H 9 5 4 0 0.555555555555556 0.444444444444444 0
46 H 13 7 6 0 0.538461538461538 0.461538461538462 0
47 H 15 8 6 1 0.533333333333333 0.4 0.0666666666666667
48 H 16 4 9 3 0.25 0.5625 0.1875
49 H 25 1 13 11 0.04 0.52 0.44
50 H 41 0 21 20 0 0.51219512195122 0.48780487804878
51 H 44 3 29 12 0.0681818181818182 0.659090909090909 0.272727272727273
52 H 41 4 24 13 0.0975609756097561 0.585365853658537 0.317073170731707
53 H 32 1 21 10 0.03125 0.65625 0.3125
54 H 15 0 10 5 0 0.666666666666667 0.333333333333333
55 H 26 1 13 12 0.0384615384615385 0.5 0.461538461538462
56 H 17 0 6 11 0 0.352941176470588 0.647058823529412
57 H 17 1 7 9 0.0588235294117647 0.411764705882353 0.529411764705882
58 H 15 0 2 13 0 0.133333333333333 0.866666666666667
59 H 17 0 3 14 0 0.176470588235294 0.823529411764706
60 H 36 0 8 28 0 0.222222222222222 0.777777777777778
61 H 22 0 2 20 0 0.0909090909090909 0.909090909090909
62 H 17 0 0 17 0 0 1
63 H 31 0 0 31 0 0 1
64 H 21 0 1 20 0 0.0476190476190476 0.952380952380952
65 H 18 0 0 18 0 0 1
66 H 33 0 2 31 0 0.0606060606060606 0.939393939393939
67 H 42 0 6 36 0 0.142857142857143 0.857142857142857
68 H 24 0 3 21 0 0.125 0.875
69 H 23 0 6 17 0 0.260869565217391 0.739130434782609
70 H 39 0 19 20 0 0.487179487179487 0.512820512820513
71 H 30 0 18 12 0 0.6 0.4
72 H 15 0 8 7 0 0.533333333333333 0.466666666666667
73 H 10 0 7 3 0 0.7 0.3
74 H 9 1 7 1 0.111111111111111 0.777777777777778 0.111111111111111
75 H 16 3 12 1 0.1875 0.75 0.0625
76 H 15 6 9 0 0.4 0.6 0
77 H 26 8 16 2 0.307692307692308 0.615384615384615 0.0769230769230769
78 H 13 2 11 0 0.153846153846154 0.846153846153846 0
79 H 12 6 6 0 0.5 0.5 0
80 H 21 6 14 1 0.285714285714286 0.666666666666667 0.0476190476190476
81 H 16 4 12 0 0.25 0.75 0
82 H 6 1 5 0 0.166666666666667 0.833333333333333 0
83 H 8 1 7 0 0.125 0.875 0
84 H 15 2 11 2 0.133333333333333 0.733333333333333 0.133333333333333
85 H 21 5 12 4 0.238095238095238 0.571428571428571 0.19047619047619
86 H 31 5 21 5 0.161290322580645 0.67741935483871 0.161290322580645
87 H 25 1 19 5 0.04 0.76 0.2
88 H 43 1 27 15 0.0232558139534884 0.627906976744186 0.348837209302326
89 H 33 0 10 23 0 0.303030303030303 0.696969696969697
90 H 46 0 6 40 0 0.130434782608696 0.869565217391304
91 H 36 1 8 27 0.0277777777777778 0.222222222222222 0.75
92 H 35 2 9 24 0.0571428571428571 0.257142857142857 0.685714285714286
93 H 26 8 11 7 0.307692307692308 0.423076923076923 0.269230769230769
94 H 18 2 7 9 0.111111111111111 0.388888888888889 0.5
95 H 29 1 11 17 0.0344827586206897 0.379310344827586 0.586206896551724
96 H 28 0 11 17 0 0.392857142857143 0.607142857142857
97 H 27 0 18 9 0 0.666666666666667 0.333333333333333
98 H 23 2 15 6 0.0869565217391304 0.652173913043478 0.260869565217391
99 H 26 3 16 7 0.115384615384615 0.615384615384615 0.269230769230769
100 H 30 2 16 12 0.0666666666666667 0.533333333333333 0.4
101 H 35 0 18 17 0 0.514285714285714 0.485714285714286
102 H 31 0 23 8 0 0.741935483870968 0.258064516129032
103 H 37 1 21 15 0.027027027027027 0.567567567567568 0.405405405405405
104 H 53 2 24 27 0.0377358490566038 0.452830188679245 0.509433962264151
105 H 45 0 28 17 0 0.622222222222222 0.377777777777778
106 H 37 0 11 26 0 0.297297297297297 0.702702702702703
107 H 26 2 11 13 0.0769230769230769 0.423076923076923 0.5
108 H 16 0 4 12 0 0.25 0.75
109 H 18 0 9 9 0 0.5 0.5
110 H 16 0 5 11 0 0.3125 0.6875
111 H 29 0 10 19 0 0.344827586206897 0.655172413793103
112 H 19 0 3 16 0 0.157894736842105 0.842105263157895
113 H 29 0 8 21 0 0.275862068965517 0.724137931034483
114 H 13 0 3 10 0 0.230769230769231 0.769230769230769
115 H 8 0 3 5 0 0.375 0.625
116 H 7 0 3 4 0 0.428571428571429 0.571428571428571
117 H 16 2 6 8 0.125 0.375 0.5
118 H 9 1 6 2 0.111111111111111 0.666666666666667 0.222222222222222
119 H 9 3 6 0 0.333333333333333 0.666666666666667 0
120 H 11 3 6 2 0.272727272727273 0.545454545454545 0.181818181818182
121 H 20 6 8 6 0.3 0.4 0.3
122 H 12 4 6 2 0.333333333333333 0.5 0.166666666666667
123 H 11 2 8 1 0.181818181818182 0.727272727272727 0.0909090909090909
124 H 11 2 9 0 0.181818181818182 0.818181818181818 0
125 H 17 2 15 0 0.117647058823529 0.882352941176471 0
126 H 25 3 20 2 0.12 0.8 0.08
127 H 13 2 11 0 0.153846153846154 0.846153846153846 0
128 H 18 2 12 4 0.111111111111111 0.666666666666667 0.222222222222222
129 H 24 2 11 11 0.0833333333333333 0.458333333333333 0.458333333333333
130 H 16 1 9 6 0.0625 0.5625 0.375
131 H 19 0 10 9 0 0.526315789473684 0.473684210526316
132 H 15 0 5 10 0 0.333333333333333 0.666666666666667
133 H 26 0 9 17 0 0.346153846153846 0.653846153846154
134 H 24 0 10 14 0 0.416666666666667 0.583333333333333
135 H 36 0 14 22 0 0.388888888888889 0.611111111111111
136 H 23 1 13 9 0.0434782608695652 0.565217391304348 0.391304347826087
137 H 32 0 7 25 0 0.21875 0.78125
138 H 39 1 22 16 0.0256410256410256 0.564102564102564 0.41025641025641
139 H 57 2 38 17 0.0350877192982456 0.666666666666667 0.298245614035088
140 H 46 2 29 15 0.0434782608695652 0.630434782608696 0.326086956521739
141 H 24 1 20 3 0.0416666666666667 0.833333333333333 0.125
142 H 32 1 21 10 0.03125 0.65625 0.3125
143 H 45 1 31 13 0.0222222222222222 0.688888888888889 0.288888888888889
144 H 34 2 24 8 0.0588235294117647 0.705882352941177 0.235294117647059
145 H 23 4 12 7 0.173913043478261 0.521739130434783 0.304347826086957
146 H 27 3 10 14 0.111111111111111 0.37037037037037 0.518518518518518
147 H 15 4 7 4 0.266666666666667 0.466666666666667 0.266666666666667
148 H 15 3 8 4 0.2 0.533333333333333 0.266666666666667
149 H 22 2 16 4 0.0909090909090909 0.727272727272727 0.181818181818182
150 H 23 2 16 5 0.0869565217391304 0.695652173913043 0.217391304347826
151 H 31 5 14 12 0.161290322580645 0.451612903225806 0.387096774193548
152 H 39 1 16 22 0.0256410256410256 0.41025641025641 0.564102564102564
153 H 35 0 14 21 0 0.4 0.6
154 H 25 0 8 17 0 0.32 0.68
155 H 28 1 14 13 0.0357142857142857 0.5 0.464285714285714
156 H 35 0 16 19 0 0.457142857142857 0.542857142857143
157 H 42 1 24 17 0.0238095238095238 0.571428571428571 0.404761904761905
158 H 38 0 28 10 0 0.736842105263158 0.263157894736842
159 H 16 0 14 2 0 0.875 0.125
