#Residue Chain TotalDensity HighlyFrustratedDensity NeutrallyFrustratedDensity MinimallyFrustratedDensity relHighlyFrustratedDensity relNeutrallyFrustratedDensity relMinimallyFrustratedDensity
1 H 2 0 0 2 0 0 1
2 H 10 0 2 8 0 0.2 0.8
3 H 12 0 3 9 0 0.25 0.75
4 H 19 0 4 15 0 0.210526315789474 0.789473684210526
5 H 25 1 11 13 0.04 0.44 0.52
6 H 35 2 11 22 0.0571428571428571 0.314285714285714 0.628571428571429
7 H 28 1 10 17 0.0357142857142857 0.357142857142857 0.607142857142857
8 H 35 0 12 23 0 0.342857142857143 0.657142857142857
9 H 39 0 15 24 0 0.384615384615385 0.615384615384615
10 H 53 0 12 41 0 0.226415094339623 0.773584905660377
11 H 44 2 16 26 0.0454545454545455 0.363636363636364 0.590909090909091
12 H 40 1 22 17 0.025 0.55 0.425
13 H 30 1 19 10 0.0333333333333333 0.633333333333333 0.333333333333333
14 H 15 1 10 4 0.0666666666666667 0.666666666666667 0.266666666666667
15 H 16 2 8 6 0.125 0.5 0.375
16 H 18 1 5 12 0.0555555555555556 0.277777777777778 0.666666666666667
17 H 32 2 5 25 0.0625 0.15625 0.78125
18 H 23 2 7 14 0.0869565217391304 0.304347826086957 0.608695652173913
19 H 46 2 14 30 0.0434782608695652 0.304347826086957 0.652173913043478
20 H 18 1 7 10 0.0555555555555556 0.388888888888889 0.555555555555556
21 H 23 1 10 12 0.0434782608695652 0.434782608695652 0.521739130434783
22 H 20 1 6 13 0.05 0.3 0.65
23 H 23 1 6 16 0.0434782608695652 0.260869565217391 0.695652173913043
24 H 13 0 2 11 0 0.153846153846154 0.846153846153846
25 H 17 0 4 13 0 0.235294117647059 0.764705882352941
26 H 12 0 4 8 0 0.333333333333333 0.666666666666667
27 H 14 0 5 9 0 0.357142857142857 0.642857142857143
28 H 9 0 4 5 0 0.444444444444444 0.555555555555556
29 H 27 0 11 16 0 0.407407407407407 0.592592592592593
30 H 22 0 10 12 0 0.454545454545455 0.545454545454545
31 H 27 0 10 17 0 0.37037037037037 0.62962962962963
32 H 17 0 5 12 0 0.294117647058824 0.705882352941177
33 H 14 0 4 10 0 0.285714285714286 0.714285714285714
34 H 27 0 13 14 0 0.481481481481481 0.518518518518518
35 H 12 1 6 5 0.0833333333333333 0.5 0.416666666666667
36 H 15 5 7 3 0.333333333333333 0.466666666666667 0.2
37 H 29 6 15 8 0.206896551724138 0.517241379310345 0.275862068965517
38 H 23 4 13 6 0.173913043478261 0.565217391304348 0.260869565217391
39 H 17 3 12 2 0.176470588235294 0.705882352941177 0.117647058823529
40 H 14 4 10 0 0.285714285714286 0.714285714285714 0
41 H 14 8 6 0 0.571428571428571 0.428571428571429 0
42 H 18 15 3 0 0.833333333333333 0.166666666666667 0
43 H 9 9 0 0 1 0 0
44 H 8 8 0 0 1 0 0
45 H 9 8 1 0 0.888888888888889 0.111111111111111 0
46 H 13 12 1 0 0.923076923076923 0.0769230769230769 0
47 H 15 11 4 0 0.733333333333333 0.266666666666667 0
48 H 16 6 9 1 0.375 0.5625 0.0625
49 H 25 1 14 10 0.04 0.56 0.4
50 H 41 3 18 20 0.0731707317073171 0.439024390243902 0.48780487804878
51 H 44 1 17 26 0.0227272727272727 0.386363636363636 0.590909090909091
52 H 41 1 15 25 0.024390243902439 0.365853658536585 0.609756097560976
53 H 32 1 11 20 0.03125 0.34375 0.625
54 H 15 0 5 10 0 0.333333333333333 0.666666666666667
55 H 26 4 13 9 0.153846153846154 0.5 0.346153846153846
56 H 17 8 6 3 0.470588235294118 0.352941176470588 0.176470588235294
57 H 17 11 6 0 0.647058823529412 0.352941176470588 0
58 H 15 11 4 0 0.733333333333333 0.266666666666667 0
59 H 17 11 5 1 0.647058823529412 0.294117647058824 0.0588235294117647
60 H 36 12 17 7 0.333333333333333 0.472222222222222 0.194444444444444
61 H 22 7 13 2 0.318181818181818 0.590909090909091 0.0909090909090909
62 H 17 3 13 1 0.176470588235294 0.764705882352941 0.0588235294117647
63 H 31 0 15 16 0 0.483870967741935 0.516129032258065
64 H 21 0 12 9 0 0.571428571428571 0.428571428571429
65 H 18 0 13 5 0 0.722222222222222 0.277777777777778
66 H 33 0 17 16 0 0.515151515151515 0.484848484848485
67 H 42 1 20 21 0.0238095238095238 0.476190476190476 0.5
68 H 24 1 16 7 0.0416666666666667 0.666666666666667 0.291666666666667
69 H 23 1 16 6 0.0434782608695652 0.695652173913043 0.260869565217391
70 H 39 0 24 15 0 0.615384615384615 0.384615384615385
71 H 30 2 21 7 0.0666666666666667 0.7 0.233333333333333
72 H 15 1 13 1 0.0666666666666667 0.866666666666667 0.0666666666666667
73 H 10 1 8 1 0.1 0.8 0.1
74 H 9 1 4 4 0.111111111111111 0.444444444444444 0.444444444444444
75 H 16 5 10 1 0.3125 0.625 0.0625
76 H 15 8 6 1 0.533333333333333 0.4 0.0666666666666667
77 H 26 9 14 3 0.346153846153846 0.538461538461538 0.115384615384615
78 H 13 6 7 0 0.461538461538462 0.538461538461538 0
79 H 12 7 5 0 0.583333333333333 0.416666666666667 0
80 H 21 8 13 0 0.380952380952381 0.619047619047619 0
81 H 16 7 9 0 0.4375 0.5625 0
82 H 6 3 3 0 0.5 0.5 0
83 H 8 3 5 0 0.375 0.625 0
84 H 15 2 12 1 0.133333333333333 0.8 0.0666666666666667
85 H 21 2 14 5 0.0952380952380952 0.666666666666667 0.238095238095238
86 H 31 1 17 13 0.032258064516129 0.548387096774194 0.419354838709677
87 H 25 1 14 10 0.04 0.56 0.4
88 H 43 2 21 20 0.0465116279069767 0.488372093023256 0.465116279069767
89 H 33 2 14 17 0.0606060606060606 0.424242424242424 0.515151515151515
90 H 46 0 13 33 0 0.282608695652174 0.717391304347826
91 H 36 0 15 21 0 0.416666666666667 0.583333333333333
92 H 35 0 9 26 0 0.257142857142857 0.742857142857143
93 H 26 2 10 14 0.0769230769230769 0.384615384615385 0.538461538461538
94 H 18 0 11 7 0 0.611111111111111 0.388888888888889
95 H 29 1 18 10 0.0344827586206897 0.620689655172414 0.344827586206897
96 H 28 2 17 9 0.0714285714285714 0.607142857142857 0.321428571428571
97 H 27 1 14 12 0.037037037037037 0.518518518518518 0.444444444444444
98 H 23 1 14 8 0.0434782608695652 0.608695652173913 0.347826086956522
99 H 26 0 13 13 0 0.5 0.5
100 H 30 0 15 15 0 0.5 0.5
101 H 35 0 10 25 0 0.285714285714286 0.714285714285714
102 H 31 0 12 19 0 0.387096774193548 0.612903225806452
103 H 37 0 18 19 0 0.486486486486487 0.513513513513513
104 H 53 0 15 38 0 0.283018867924528 0.716981132075472
105 H 45 0 14 31 0 0.311111111111111 0.688888888888889
106 H 37 0 10 27 0 0.27027027027027 0.72972972972973
107 H 26 0 8 18 0 0.307692307692308 0.692307692307692
108 H 16 0 5 11 0 0.3125 0.6875
109 H 18 0 7 11 0 0.388888888888889 0.611111111111111
110 H 16 1 7 8 0.0625 0.4375 0.5
111 H 29 1 16 12 0.0344827586206897 0.551724137931034 0.413793103448276
112 H 19 1 11 7 0.0526315789473684 0.578947368421053 0.368421052631579
113 H 29 0 15 14 0 0.517241379310345 0.482758620689655
114 H 13 0 8 5 0 0.615384615384615 0.384615384615385
115 H 8 0 5 3 0 0.625 0.375
116 H 7 1 4 2 0.142857142857143 0.571428571428571 0.285714285714286
117 H 16 1 7 8 0.0625 0.4375 0.5
118 H 9 2 4 3 0.222222222222222 0.444444444444444 0.333333333333333
119 H 9 2 4 3 0.222222222222222 0.444444444444444 0.333333333333333
120 H 11 3 6 2 0.272727272727273 0.545454545454545 0.181818181818182
121 H 20 4 8 8 0.2 0.4 0.4
122 H 12 4 4 4 0.333333333333333 0.333333333333333 0.333333333333333
123 H 11 2 7 2 0.181818181818182 0.636363636363636 0.181818181818182
124 H 11 1 8 2 0.0909090909090909 0.727272727272727 0.181818181818182
125 H 17 1 12 4 0.0588235294117647 0.705882352941177 0.235294117647059
126 H 25 2 19 4 0.08 0.76 0.16
127 H 13 2 9 2 0.153846153846154 0.692307692307692 0.153846153846154
128 H 18 3 9 6 0.166666666666667 0.5 0.333333333333333
129 H 24 3 9 12 0.125 0.375 0.5
130 H 16 3 10 3 0.1875 0.625 0.1875
131 H 19 2 10 7 0.105263157894737 0.526315789473684 0.368421052631579
132 H 15 1 6 8 0.0666666666666667 0.4 0.533333333333333
133 H 26 2 17 7 0.0769230769230769 0.653846153846154 0.269230769230769
134 H 24 2 15 7 0.0833333333333333 0.625 0.291666666666667
135 H 36 2 20 14 0.0555555555555556 0.555555555555556 0.388888888888889
136 H 23 0 9 14 0 0.391304347826087 0.608695652173913
137 H 32 0 4 28 0 0.125 0.875
138 H 39 0 7 32 0 0.179487179487179 0.82051282051282
139 H 57 1 14 42 0.0175438596491228 0.245614035087719 0.736842105263158
140 H 46 1 18 27 0.0217391304347826 0.391304347826087 0.58695652173913
141 H 24 1 7 16 0.0416666666666667 0.291666666666667 0.666666666666667
142 H 32 1 10 21 0.03125 0.3125 0.65625
143 H 45 0 12 33 0 0.266666666666667 0.733333333333333
144 H 34 0 13 21 0 0.382352941176471 0.617647058823529
145 H 23 2 7 14 0.0869565217391304 0.304347826086957 0.608695652173913
146 H 27 3 11 13 0.111111111111111 0.407407407407407 0.481481481481481
147 H 15 6 7 2 0.4 0.466666666666667 0.133333333333333
148 H 15 6 8 1 0.4 0.533333333333333 0.0666666666666667
149 H 22 6 13 3 0.272727272727273 0.590909090909091 0.136363636363636
150 H 23 7 13 3 0.304347826086957 0.565217391304348 0.130434782608696
151 H 31 9 18 4 0.290322580645161 0.580645161290323 0.129032258064516
152 H 39 4 23 12 0.102564102564103 0.58974358974359 0.307692307692308
153 H 35 1 19 15 0.0285714285714286 0.542857142857143 0.428571428571429
154 H 25 3 13 9 0.12 0.52 0.36
155 H 28 2 15 11 0.0714285714285714 0.535714285714286 0.392857142857143
156 H 35 0 18 17 0 0.514285714285714 0.485714285714286
157 H 42 0 14 28 0 0.333333333333333 0.666666666666667
158 H 38 0 11 27 0 0.289473684210526 0.710526315789474
159 H 16 0 5 11 0 0.3125 0.6875
