#X		Y		Free		Pro
0.025000	0.020000	9999999.000000	0.000000
0.025000	0.060000	9999999.000000	0.000000
0.025000	0.100000	9999999.000000	0.000000
0.025000	0.140000	9999999.000000	0.000000
0.025000	0.180000	9999999.000000	0.000000
0.025000	0.220000	9999999.000000	0.000000
0.025000	0.260000	9999999.000000	0.000000
0.025000	0.300000	9999999.000000	0.000000
0.025000	0.340000	9999999.000000	0.000000
0.025000	0.380000	9999999.000000	0.000000
0.025000	0.420000	41.228009	0.000000
0.025000	0.460000	40.268525	0.000000
0.025000	0.500000	39.200347	0.000000
0.025000	0.540000	38.721334	0.000000
0.025000	0.580000	38.758033	0.000000
0.025000	0.620000	39.333377	0.000000
0.025000	0.660000	40.814782	0.000000
0.025000	0.700000	41.228009	0.000000
0.025000	0.740000	9999999.000000	0.000000
0.025000	0.780000	9999999.000000	0.000000
0.025000	0.820000	9999999.000000	0.000000
0.025000	0.860000	9999999.000000	0.000000
0.025000	0.900000	9999999.000000	0.000000
0.025000	0.940000	9999999.000000	0.000000
0.025000	0.980000	9999999.000000	0.000000

0.075000	0.020000	9999999.000000	0.000000
0.075000	0.060000	9999999.000000	0.000000
0.075000	0.100000	9999999.000000	0.000000
0.075000	0.140000	9999999.000000	0.000000
0.075000	0.180000	9999999.000000	0.000000
0.075000	0.220000	9999999.000000	0.000000
0.075000	0.260000	9999999.000000	0.000000
0.075000	0.300000	9999999.000000	0.000000
0.075000	0.340000	9999999.000000	0.000000
0.075000	0.380000	9999999.000000	0.000000
0.075000	0.420000	9999999.000000	0.000000
0.075000	0.460000	9999999.000000	0.000000
0.075000	0.500000	16.220999	0.000000
0.075000	0.540000	14.889418	0.000000
0.075000	0.580000	14.288927	0.000000
0.075000	0.620000	14.557828	0.000000
0.075000	0.660000	15.464762	0.000000
0.075000	0.700000	16.634226	0.000000
0.075000	0.740000	17.530899	0.000000
0.075000	0.780000	9999999.000000	0.000000
0.075000	0.820000	9999999.000000	0.000000
0.075000	0.860000	9999999.000000	0.000000
0.075000	0.900000	9999999.000000	0.000000
0.075000	0.940000	9999999.000000	0.000000
0.075000	0.980000	9999999.000000	0.000000

0.125000	0.020000	9999999.000000	0.000000
0.125000	0.060000	9999999.000000	0.000000
0.125000	0.100000	9999999.000000	0.000000
0.125000	0.140000	9999999.000000	0.000000
0.125000	0.180000	9999999.000000	0.000000
0.125000	0.220000	9999999.000000	0.000000
0.125000	0.260000	9999999.000000	0.000000
0.125000	0.300000	9999999.000000	0.000000
0.125000	0.340000	9999999.000000	0.000000
0.125000	0.380000	8.270266	0.000000
0.125000	0.420000	7.030583	0.000002
0.125000	0.460000	7.253961	0.000001
0.125000	0.500000	6.547138	0.000004
0.125000	0.540000	5.938069	0.000012
0.125000	0.580000	5.507220	0.000024
0.125000	0.620000	5.473466	0.000026
0.125000	0.660000	5.839396	0.000014
0.125000	0.700000	6.897554	0.000002
0.125000	0.740000	8.683493	0.000000
0.125000	0.780000	9999999.000000	0.000000
0.125000	0.820000	9999999.000000	0.000000
0.125000	0.860000	9999999.000000	0.000000
0.125000	0.900000	9999999.000000	0.000000
0.125000	0.940000	9999999.000000	0.000000
0.125000	0.980000	9999999.000000	0.000000

0.175000	0.020000	9999999.000000	0.000000
0.175000	0.060000	9999999.000000	0.000000
0.175000	0.100000	9999999.000000	0.000000
0.175000	0.140000	9999999.000000	0.000000
0.175000	0.180000	9999999.000000	0.000000
0.175000	0.220000	9999999.000000	0.000000
0.175000	0.260000	9999999.000000	0.000000
0.175000	0.300000	4.320857	0.000176
0.175000	0.340000	1.870113	0.010762
0.175000	0.380000	1.535097	0.018877
0.175000	0.420000	1.832249	0.011467
0.175000	0.460000	2.201296	0.006175
0.175000	0.500000	3.252679	0.001059
0.175000	0.540000	2.839452	0.002117
0.175000	0.580000	1.942779	0.009527
0.175000	0.620000	1.153329	0.035814
0.175000	0.660000	1.266148	0.029639
0.175000	0.700000	2.313406	0.005116
0.175000	0.740000	3.494402	0.000706
0.175000	0.780000	9999999.000000	0.000000
0.175000	0.820000	9999999.000000	0.000000
0.175000	0.860000	9999999.000000	0.000000
0.175000	0.900000	9999999.000000	0.000000
0.175000	0.940000	9999999.000000	0.000000
0.175000	0.980000	9999999.000000	0.000000

0.225000	0.020000	9999999.000000	0.000000
0.225000	0.060000	9999999.000000	0.000000
0.225000	0.100000	9999999.000000	0.000000
0.225000	0.140000	9999999.000000	0.000000
0.225000	0.180000	9999999.000000	0.000000
0.225000	0.220000	9999999.000000	0.000000
0.225000	0.260000	9999999.000000	0.000000
0.225000	0.300000	2.908166	0.001887
0.225000	0.340000	1.658408	0.015350
0.225000	0.380000	1.999570	0.008661
0.225000	0.420000	3.177622	0.001201
0.225000	0.460000	4.750926	0.000086
0.225000	0.500000	4.095976	0.000257
0.225000	0.540000	2.856294	0.002058
0.225000	0.580000	2.169111	0.006517
0.225000	0.620000	1.937940	0.009604
0.225000	0.660000	2.330247	0.004974
0.225000	0.700000	3.682749	0.000515
0.225000	0.740000	9999999.000000	0.000000
0.225000	0.780000	9999999.000000	0.000000
0.225000	0.820000	9999999.000000	0.000000
0.225000	0.860000	9999999.000000	0.000000
0.225000	0.900000	9999999.000000	0.000000
0.225000	0.940000	9999999.000000	0.000000
0.225000	0.980000	9999999.000000	0.000000

0.275000	0.020000	9999999.000000	0.000000
0.275000	0.060000	9999999.000000	0.000000
0.275000	0.100000	9999999.000000	0.000000
0.275000	0.140000	9999999.000000	0.000000
0.275000	0.180000	7.521547	0.000001
0.275000	0.220000	6.344676	0.000006
0.275000	0.260000	5.965525	0.000011
0.275000	0.300000	5.470503	0.000026
0.275000	0.340000	5.474337	0.000025
0.275000	0.380000	6.160879	0.000008
0.275000	0.420000	7.412854	0.000001
0.275000	0.460000	8.481031	0.000000
0.275000	0.500000	6.695092	0.000003
0.275000	0.540000	6.173171	0.000008
0.275000	0.580000	6.160879	0.000008
0.275000	0.620000	6.866597	0.000002
0.275000	0.660000	8.067804	0.000000
0.275000	0.700000	9999999.000000	0.000000
0.275000	0.740000	9999999.000000	0.000000
0.275000	0.780000	9999999.000000	0.000000
0.275000	0.820000	9999999.000000	0.000000
0.275000	0.860000	9999999.000000	0.000000
0.275000	0.900000	9999999.000000	0.000000
0.275000	0.940000	9999999.000000	0.000000
0.275000	0.980000	9999999.000000	0.000000

0.325000	0.020000	9999999.000000	0.000000
0.325000	0.060000	9999999.000000	0.000000
0.325000	0.100000	9999999.000000	0.000000
0.325000	0.140000	9999999.000000	0.000000
0.325000	0.180000	9999999.000000	0.000000
0.325000	0.220000	8.634149	0.000000
0.325000	0.260000	6.052334	0.000010
0.325000	0.300000	7.060846	0.000002
0.325000	0.340000	7.674665	0.000001
0.325000	0.380000	6.036848	0.000010
0.325000	0.420000	5.535007	0.000023
0.325000	0.460000	5.663116	0.000019
0.325000	0.500000	6.326289	0.000006
0.325000	0.540000	6.234391	0.000007
0.325000	0.580000	6.326289	0.000006
0.325000	0.620000	7.394467	0.000001
0.325000	0.660000	9999999.000000	0.000000
0.325000	0.700000	9999999.000000	0.000000
0.325000	0.740000	9999999.000000	0.000000
0.325000	0.780000	9999999.000000	0.000000
0.325000	0.820000	9999999.000000	0.000000
0.325000	0.860000	9999999.000000	0.000000
0.325000	0.900000	9999999.000000	0.000000
0.325000	0.940000	9999999.000000	0.000000
0.325000	0.980000	9999999.000000	0.000000

0.375000	0.020000	9999999.000000	0.000000
0.375000	0.060000	9999999.000000	0.000000
0.375000	0.100000	9999999.000000	0.000000
0.375000	0.140000	9999999.000000	0.000000
0.375000	0.180000	9999999.000000	0.000000
0.375000	0.220000	11.950125	0.000000
0.375000	0.260000	9.486490	0.000000
0.375000	0.300000	9.689638	0.000000
0.375000	0.340000	9.659059	0.000000
0.375000	0.380000	10.640224	0.000000
0.375000	0.420000	10.990640	0.000000
0.375000	0.460000	11.950125	0.000000
0.375000	0.500000	9999999.000000	0.000000
0.375000	0.540000	9999999.000000	0.000000
0.375000	0.580000	9999999.000000	0.000000
0.375000	0.620000	9999999.000000	0.000000
0.375000	0.660000	9999999.000000	0.000000
0.375000	0.700000	9999999.000000	0.000000
0.375000	0.740000	9999999.000000	0.000000
0.375000	0.780000	9999999.000000	0.000000
0.375000	0.820000	9999999.000000	0.000000
0.375000	0.860000	9999999.000000	0.000000
0.375000	0.900000	9999999.000000	0.000000
0.375000	0.940000	9999999.000000	0.000000
0.375000	0.980000	9999999.000000	0.000000

0.425000	0.020000	9999999.000000	0.000000
0.425000	0.060000	9999999.000000	0.000000
0.425000	0.100000	9999999.000000	0.000000
0.425000	0.140000	9999999.000000	0.000000
0.425000	0.180000	12.048528	0.000000
0.425000	0.220000	9.034191	0.000000
0.425000	0.260000	8.846762	0.000000
0.425000	0.300000	9.194411	0.000000
0.425000	0.340000	9.057421	0.000000
0.425000	0.380000	9.588091	0.000000
0.425000	0.420000	11.635301	0.000000
0.425000	0.460000	9999999.000000	0.000000
0.425000	0.500000	9999999.000000	0.000000
0.425000	0.540000	9999999.000000	0.000000
0.425000	0.580000	9999999.000000	0.000000
0.425000	0.620000	9999999.000000	0.000000
0.425000	0.660000	9999999.000000	0.000000
0.425000	0.700000	9999999.000000	0.000000
0.425000	0.740000	9999999.000000	0.000000
0.425000	0.780000	9999999.000000	0.000000
0.425000	0.820000	9999999.000000	0.000000
0.425000	0.860000	9999999.000000	0.000000
0.425000	0.900000	9999999.000000	0.000000
0.425000	0.940000	9999999.000000	0.000000
0.425000	0.980000	9999999.000000	0.000000

0.475000	0.020000	9999999.000000	0.000000
0.475000	0.060000	9999999.000000	0.000000
0.475000	0.100000	9999999.000000	0.000000
0.475000	0.140000	15.174078	0.000000
0.475000	0.180000	13.255109	0.000000
0.475000	0.220000	12.144742	0.000000
0.475000	0.260000	13.279445	0.000000
0.475000	0.300000	12.685470	0.000000
0.475000	0.340000	12.232336	0.000000
0.475000	0.380000	12.465542	0.000000
0.475000	0.420000	13.089596	0.000000
0.475000	0.460000	13.692673	0.000000
0.475000	0.500000	14.760850	0.000000
0.475000	0.540000	9999999.000000	0.000000
0.475000	0.580000	9999999.000000	0.000000
0.475000	0.620000	9999999.000000	0.000000
0.475000	0.660000	9999999.000000	0.000000
0.475000	0.700000	9999999.000000	0.000000
0.475000	0.740000	9999999.000000	0.000000
0.475000	0.780000	9999999.000000	0.000000
0.475000	0.820000	9999999.000000	0.000000
0.475000	0.860000	9999999.000000	0.000000
0.475000	0.900000	9999999.000000	0.000000
0.475000	0.940000	9999999.000000	0.000000
0.475000	0.980000	9999999.000000	0.000000

0.525000	0.020000	9999999.000000	0.000000
0.525000	0.060000	9999999.000000	0.000000
0.525000	0.100000	9999999.000000	0.000000
0.525000	0.140000	9999999.000000	0.000000
0.525000	0.180000	9999999.000000	0.000000
0.525000	0.220000	13.705658	0.000000
0.525000	0.260000	12.009633	0.000000
0.525000	0.300000	12.123898	0.000000
0.525000	0.340000	11.902097	0.000000
0.525000	0.380000	11.836398	0.000000
0.525000	0.420000	11.670100	0.000000
0.525000	0.460000	12.060247	0.000000
0.525000	0.500000	13.292430	0.000000
0.525000	0.540000	9999999.000000	0.000000
0.525000	0.580000	9999999.000000	0.000000
0.525000	0.620000	9999999.000000	0.000000
0.525000	0.660000	9999999.000000	0.000000
0.525000	0.700000	9999999.000000	0.000000
0.525000	0.740000	9999999.000000	0.000000
0.525000	0.780000	9999999.000000	0.000000
0.525000	0.820000	9999999.000000	0.000000
0.525000	0.860000	9999999.000000	0.000000
0.525000	0.900000	9999999.000000	0.000000
0.525000	0.940000	9999999.000000	0.000000
0.525000	0.980000	9999999.000000	0.000000

0.575000	0.020000	9999999.000000	0.000000
0.575000	0.060000	9999999.000000	0.000000
0.575000	0.100000	9999999.000000	0.000000
0.575000	0.140000	9999999.000000	0.000000
0.575000	0.180000	9999999.000000	0.000000
0.575000	0.220000	9.036435	0.000000
0.575000	0.260000	7.182934	0.000001
0.575000	0.300000	7.244564	0.000001
0.575000	0.340000	7.287383	0.000001
0.575000	0.380000	8.153160	0.000000
0.575000	0.420000	8.835843	0.000000
0.575000	0.460000	10.409147	0.000000
0.575000	0.500000	9999999.000000	0.000000
0.575000	0.540000	9999999.000000	0.000000
0.575000	0.580000	9999999.000000	0.000000
0.575000	0.620000	9999999.000000	0.000000
0.575000	0.660000	9999999.000000	0.000000
0.575000	0.700000	9999999.000000	0.000000
0.575000	0.740000	9999999.000000	0.000000
0.575000	0.780000	9999999.000000	0.000000
0.575000	0.820000	9999999.000000	0.000000
0.575000	0.860000	9999999.000000	0.000000
0.575000	0.900000	9999999.000000	0.000000
0.575000	0.940000	9999999.000000	0.000000
0.575000	0.980000	9999999.000000	0.000000

0.625000	0.020000	9999999.000000	0.000000
0.625000	0.060000	9999999.000000	0.000000
0.625000	0.100000	9999999.000000	0.000000
0.625000	0.140000	9999999.000000	0.000000
0.625000	0.180000	10.317837	0.000000
0.625000	0.220000	8.215557	0.000000
0.625000	0.260000	7.005071	0.000002
0.625000	0.300000	7.215410	0.000001
0.625000	0.340000	7.669300	0.000001
0.625000	0.380000	8.398868	0.000000
0.625000	0.420000	8.562476	0.000000
0.625000	0.460000	9999999.000000	0.000000
0.625000	0.500000	9999999.000000	0.000000
0.625000	0.540000	9999999.000000	0.000000
0.625000	0.580000	9999999.000000	0.000000
0.625000	0.620000	9999999.000000	0.000000
0.625000	0.660000	9999999.000000	0.000000
0.625000	0.700000	9999999.000000	0.000000
0.625000	0.740000	9999999.000000	0.000000
0.625000	0.780000	9999999.000000	0.000000
0.625000	0.820000	9999999.000000	0.000000
0.625000	0.860000	9999999.000000	0.000000
0.625000	0.900000	9999999.000000	0.000000
0.625000	0.940000	9999999.000000	0.000000
0.625000	0.980000	9999999.000000	0.000000

0.675000	0.020000	9999999.000000	0.000000
0.675000	0.060000	9999999.000000	0.000000
0.675000	0.100000	9999999.000000	0.000000
0.675000	0.140000	9999999.000000	0.000000
0.675000	0.180000	4.848120	0.000073
0.675000	0.220000	3.702410	0.000498
0.675000	0.260000	3.809650	0.000416
0.675000	0.300000	3.436933	0.000777
0.675000	0.340000	4.375818	0.000161
0.675000	0.380000	6.087802	0.000009
0.675000	0.420000	9999999.000000	0.000000
0.675000	0.460000	9999999.000000	0.000000
0.675000	0.500000	9999999.000000	0.000000
0.675000	0.540000	9999999.000000	0.000000
0.675000	0.580000	9999999.000000	0.000000
0.675000	0.620000	9999999.000000	0.000000
0.675000	0.660000	9999999.000000	0.000000
0.675000	0.700000	9999999.000000	0.000000
0.675000	0.740000	9999999.000000	0.000000
0.675000	0.780000	9999999.000000	0.000000
0.675000	0.820000	9999999.000000	0.000000
0.675000	0.860000	9999999.000000	0.000000
0.675000	0.900000	9999999.000000	0.000000
0.675000	0.940000	9999999.000000	0.000000
0.675000	0.980000	9999999.000000	0.000000

0.725000	0.020000	9999999.000000	0.000000
0.725000	0.060000	9999999.000000	0.000000
0.725000	0.100000	9999999.000000	0.000000
0.725000	0.140000	9999999.000000	0.000000
0.725000	0.180000	4.847072	0.000073
0.725000	0.220000	3.498696	0.000701
0.725000	0.260000	3.234628	0.001091
0.725000	0.300000	3.918166	0.000347
0.725000	0.340000	4.980101	0.000058
0.725000	0.380000	9999999.000000	0.000000
0.725000	0.420000	9999999.000000	0.000000
0.725000	0.460000	9999999.000000	0.000000
0.725000	0.500000	9999999.000000	0.000000
0.725000	0.540000	9999999.000000	0.000000
0.725000	0.580000	9999999.000000	0.000000
0.725000	0.620000	9999999.000000	0.000000
0.725000	0.660000	9999999.000000	0.000000
0.725000	0.700000	9999999.000000	0.000000
0.725000	0.740000	9999999.000000	0.000000
0.725000	0.780000	9999999.000000	0.000000
0.725000	0.820000	9999999.000000	0.000000
0.725000	0.860000	9999999.000000	0.000000
0.725000	0.900000	9999999.000000	0.000000
0.725000	0.940000	9999999.000000	0.000000
0.725000	0.980000	9999999.000000	0.000000

0.775000	0.020000	9999999.000000	0.000000
0.775000	0.060000	9999999.000000	0.000000
0.775000	0.100000	9999999.000000	0.000000
0.775000	0.140000	9999999.000000	0.000000
0.775000	0.180000	1.162009	0.035296
0.775000	0.220000	0.000000	0.247874
0.775000	0.260000	0.080434	0.216589
0.775000	0.300000	1.018237	0.044922
0.775000	0.340000	3.004768	0.001604
0.775000	0.380000	9999999.000000	0.000000
0.775000	0.420000	9999999.000000	0.000000
0.775000	0.460000	9999999.000000	0.000000
0.775000	0.500000	9999999.000000	0.000000
0.775000	0.540000	9999999.000000	0.000000
0.775000	0.580000	9999999.000000	0.000000
0.775000	0.620000	9999999.000000	0.000000
0.775000	0.660000	9999999.000000	0.000000
0.775000	0.700000	9999999.000000	0.000000
0.775000	0.740000	9999999.000000	0.000000
0.775000	0.780000	9999999.000000	0.000000
0.775000	0.820000	9999999.000000	0.000000
0.775000	0.860000	9999999.000000	0.000000
0.775000	0.900000	9999999.000000	0.000000
0.775000	0.940000	9999999.000000	0.000000
0.775000	0.980000	9999999.000000	0.000000

0.825000	0.020000	9999999.000000	0.000000
0.825000	0.060000	9999999.000000	0.000000
0.825000	0.100000	9999999.000000	0.000000
0.825000	0.140000	9999999.000000	0.000000
0.825000	0.180000	2.287030	0.005348
0.825000	0.220000	0.148314	0.193280
0.825000	0.260000	0.788141	0.066082
0.825000	0.300000	2.900849	0.001910
0.825000	0.340000	9999999.000000	0.000000
0.825000	0.380000	9999999.000000	0.000000
0.825000	0.420000	9999999.000000	0.000000
0.825000	0.460000	9999999.000000	0.000000
0.825000	0.500000	9999999.000000	0.000000
0.825000	0.540000	9999999.000000	0.000000
0.825000	0.580000	9999999.000000	0.000000
0.825000	0.620000	9999999.000000	0.000000
0.825000	0.660000	9999999.000000	0.000000
0.825000	0.700000	9999999.000000	0.000000
0.825000	0.740000	9999999.000000	0.000000
0.825000	0.780000	9999999.000000	0.000000
0.825000	0.820000	9999999.000000	0.000000
0.825000	0.860000	9999999.000000	0.000000
0.825000	0.900000	9999999.000000	0.000000
0.825000	0.940000	9999999.000000	0.000000
0.825000	0.980000	9999999.000000	0.000000

0.875000	0.020000	9999999.000000	0.000000
0.875000	0.060000	9999999.000000	0.000000
0.875000	0.100000	9999999.000000	0.000000
0.875000	0.140000	9999999.000000	0.000000
0.875000	0.180000	6.441030	0.000005
0.875000	0.220000	4.932118	0.000063
0.875000	0.260000	7.039160	0.000002
0.875000	0.300000	9999999.000000	0.000000
0.875000	0.340000	9999999.000000	0.000000
0.875000	0.380000	9999999.000000	0.000000
0.875000	0.420000	9999999.000000	0.000000
0.875000	0.460000	9999999.000000	0.000000
0.875000	0.500000	9999999.000000	0.000000
0.875000	0.540000	9999999.000000	0.000000
0.875000	0.580000	9999999.000000	0.000000
0.875000	0.620000	9999999.000000	0.000000
0.875000	0.660000	9999999.000000	0.000000
0.875000	0.700000	9999999.000000	0.000000
0.875000	0.740000	9999999.000000	0.000000
0.875000	0.780000	9999999.000000	0.000000
0.875000	0.820000	9999999.000000	0.000000
0.875000	0.860000	9999999.000000	0.000000
0.875000	0.900000	9999999.000000	0.000000
0.875000	0.940000	9999999.000000	0.000000
0.875000	0.980000	9999999.000000	0.000000

0.925000	0.020000	9999999.000000	0.000000
0.925000	0.060000	9999999.000000	0.000000
0.925000	0.100000	9999999.000000	0.000000
0.925000	0.140000	9999999.000000	0.000000
0.925000	0.180000	17.461153	0.000000
0.925000	0.220000	15.763773	0.000000
0.925000	0.260000	18.917185	0.000000
0.925000	0.300000	9999999.000000	0.000000
0.925000	0.340000	9999999.000000	0.000000
0.925000	0.380000	9999999.000000	0.000000
0.925000	0.420000	9999999.000000	0.000000
0.925000	0.460000	9999999.000000	0.000000
0.925000	0.500000	9999999.000000	0.000000
0.925000	0.540000	9999999.000000	0.000000
0.925000	0.580000	9999999.000000	0.000000
0.925000	0.620000	9999999.000000	0.000000
0.925000	0.660000	9999999.000000	0.000000
0.925000	0.700000	9999999.000000	0.000000
0.925000	0.740000	9999999.000000	0.000000
0.925000	0.780000	9999999.000000	0.000000
0.925000	0.820000	9999999.000000	0.000000
0.925000	0.860000	9999999.000000	0.000000
0.925000	0.900000	9999999.000000	0.000000
0.925000	0.940000	9999999.000000	0.000000
0.925000	0.980000	9999999.000000	0.000000

0.975000	0.020000	9999999.000000	0.000000
0.975000	0.060000	9999999.000000	0.000000
0.975000	0.100000	9999999.000000	0.000000
0.975000	0.140000	9999999.000000	0.000000
0.975000	0.180000	42.341763	0.000000
0.975000	0.220000	39.832129	0.000000
0.975000	0.260000	9999999.000000	0.000000
0.975000	0.300000	9999999.000000	0.000000
0.975000	0.340000	9999999.000000	0.000000
0.975000	0.380000	9999999.000000	0.000000
0.975000	0.420000	9999999.000000	0.000000
0.975000	0.460000	9999999.000000	0.000000
0.975000	0.500000	9999999.000000	0.000000
0.975000	0.540000	9999999.000000	0.000000
0.975000	0.580000	9999999.000000	0.000000
0.975000	0.620000	9999999.000000	0.000000
0.975000	0.660000	9999999.000000	0.000000
0.975000	0.700000	9999999.000000	0.000000
0.975000	0.740000	9999999.000000	0.000000
0.975000	0.780000	9999999.000000	0.000000
0.975000	0.820000	9999999.000000	0.000000
0.975000	0.860000	9999999.000000	0.000000
0.975000	0.900000	9999999.000000	0.000000
0.975000	0.940000	9999999.000000	0.000000
0.975000	0.980000	9999999.000000	0.000000

