124
135
145
134
108
82
124
88
88
43
18
14
14
16
20
17
19
23
38
36
59
63
31
46
94
101
137
90
50
26
15
4
9
10
16
19
14
18
25
28
25
21
12
7
8
13
12
9
20
16
21
26
31
92
46
81
3
98
195
63
23
121
120
26
27
135
50
28
78
111
48
52
187
135
20
107
27
42
153
109
24
105
59
3
3
2
40
20
43
3
0
4
0
1
0
2
7
10
13
20
18
33
55
56
129
172
259
335
314
347
262
244
236
318
319
202
100
100
20
43
23
70
59
13
1
38
28
119
121
202
131
130
204
282
273
205
167
121
69
73
63
52
44
50
40
41
30
22
16
19
31
40
42
22
28
48
26
16
6
